0.00593138	1.60784
0.00900435	2
0.0120773	2.23529
0.0151503	3.11765
0.0182233	3.68627
0.0212963	3.76471
0.0243692	3.62745
0.0274422	3.35294
0.0305152	3.39216
0.0335882	3.76471
0.0366611	3.7451
0.0397341	3.4902
0.0428071	3.21569
0.0458801	3.29412
0.0489531	3.5098
0.052026	3.70588
0.055099	3.90196
0.058172	3.94118
0.061245	3.7451
0.0643179	3.54902
0.0673909	3.58824
0.070514	3.80392
0.073637	4.07843
0.0767601	4.21569
0.0798831	4.03922
0.0830061	3.62745
0.0861292	3.41176
0.0892522	3.47059
0.0923753	3.72549
0.0954983	3.84314
0.0986214	3.76471
0.101744	3.54902
0.104867	3.27451
0.107991	3.35294
0.111114	3.76471
0.114237	4
0.11736	4
0.120483	3.72549
0.123606	3.33333
0.126729	2.94118
0.129852	2.82353
0.132975	2.88235
0.136098	2.92157
0.139221	2.82353
0.142344	2.45098
0.145467	2.17647
0.14859	2.09804
0.151713	2.33333
0.154836	2.62745
0.157959	2.78431
0.161082	2.70588
0.164205	2.39216
0.167328	2.01961
0.170451	1.88235
0.173574	1.84314
0.176697	1.98039
0.179821	2.2549
0.182944	2.21569
0.186067	1.86275
0.18919	1.54902
0.192313	1.45098
0.195436	1.7451
0.198559	2
0.201682	2.07843
0.204805	2.01961
0.207928	1.76471
0.211051	1.60784
0.214174	1.76471
0.217297	2.07843
0.22042	2.39216
0.223543	2.5098
0.226666	2.31373
0.229789	2.05882
0.232912	2.03922
0.236035	2.41176
0.239158	2.7451
0.242281	2.82353
0.245404	2.66667
0.248528	2.4902
0.251651	2.21569
0.254774	2.68627
0.257897	3.17647
0.26102	3.31373
0.264143	3.05882
0.267266	2.64706
0.270389	1.94118
0.273512	1.90196
0.276635	2.47059
0.279758	2.94118
0.282881	3.03922
0.286004	2.64706
0.289127	2.19608
0.29225	2.07843
0.295373	2.56863
0.298496	2.72549
0.301619	2.66667
0.304742	2.43137
0.307865	2.17647
0.310988	2.27451
0.314111	2.60784
0.317235	2.98039
0.320358	3.09804
0.323481	3.13725
0.326604	3.01961
0.329727	3.03922
0.33285	3.37255
0.335973	3.66667
0.339096	4.23529
0.342219	3.76471
0.345342	3.68627
0.348465	3.92157
0.351588	4.39216
0.354711	4.84314
0.357834	4.98039
0.360957	4.86275
0.36408	4.4902
0.367203	4
0.370326	3.84314
0.373449	4.03922
0.376572	4.37255
0.379695	4.58824
0.382818	3.94118
0.385922	3.60784
0.389025	3.60784
0.392128	3.72549
0.395231	3.56863
0.398335	3.35294
0.401438	3.09804
0.404541	2.90196
0.407645	2.62745
0.410748	2.66667
0.413851	2.96078
0.416954	3.09804
0.420058	2.88235
0.423161	2.39216
0.426264	1.66667
0.429367	1.62745
0.432471	1.56863
0.435574	1.4902
0.438677	1.19608
0.44178	0.823529
0.444884	0.431373
0.447987	0.333333
0.45109	0.45098
0.454193	0.588235
0.457297	0.588235
0.4604	0.215686
0.463503	0
0.466606	0
0.46971	0.196078
0.472813	0.313726
0.475916	0.0980392
0.479019	0
0.482123	0.0196078
0.485226	0.27451
0.488329	0.588235
0.491432	0.882353
0.494536	1.07843
0.497639	0.980392
0.500742	0.627451
0.503845	0.196078
0.506949	0.176471
0.510052	0.470588
0.513155	0.862745
0.516258	1.03922
0.519362	0.862745
0.522465	0.45098
0.525568	0.294118
0.528672	0.72549
0.531775	0.862745
0.534878	1.09804
0.537981	1.41176
0.541085	1.4902
0.544188	1.45098
0.547291	1.52941
0.550394	1.64706
0.553498	1.35294
0.556601	1.17647
0.559704	1.45098
0.562807	1.78431
0.565911	2.03922
0.569014	2.21569
0.572117	2.2549
0.57522	2.29412
0.578324	2.2549
0.581427	2.15686
0.58453	2.03922
0.587633	1.94118
0.590737	2.13725
0.59384	2.37255
0.596943	2.72549
0.600046	3
0.60315	2.90196
0.606253	2.72549
0.609356	2.78431
0.612459	3.01961
0.615563	3.31373
0.618666	3.01961
0.621769	2.47059
0.624872	2.60784
0.627976	3.01961
0.631079	3.47059
0.634182	3.7451
0.637285	3.82353
0.640389	3.64706
0.643492	3.09804
0.646595	2.76471
0.649698	3
0.652802	3.41176
0.655905	3.98039
0.659008	4.39216
0.662112	4.4902
0.665215	4.41176
0.668318	4.15686
0.671421	4.03922
0.674525	4.17647
0.677628	3.98039
0.680731	4.09804
0.683834	4.21569
0.686938	4.01961
0.690041	3.96078
0.693144	3.92157
0.696247	3.82353
0.69932	3.72549
0.702392	3.52941
0.705465	3.37255
0.708537	3.27451
0.71161	3.43137
0.714682	3.62745
0.717755	3.5098
0.720827	3.29412
0.7239	3.11765
0.726972	2.90196
0.730045	2.60784
0.733117	3.03922
0.73619	3.5098
0.739262	3.70588
0.742335	3.45098
0.745407	3.17647
0.74848	3.33333
0.751552	3.76471
0.754625	4.09804
0.757697	4.07843
0.76077	3.82353
0.763842	3.47059
0.766915	3.41176
0.769987	3.76471
0.77306	4.47059
0.776132	4.35294
0.779205	3.76471
0.782277	3.07843
0.78535	3.11765
0.788422	3.62745
0.791495	4.23529
0.794567	4.68627
0.79764	4.68627
0.800712	4.35294
0.803785	3.88235
0.806857	3.72549
0.80993	4.13725
0.813002	4.45098
0.816075	4.19608
0.819147	3.7451
0.82222	3.43137
0.825292	3.33333
0.828365	3.64706
0.831437	4.13725
0.83451	4.41176
0.837582	4.19608
0.840655	3.7451
0.843727	3.35294
0.8468	3.45098
0.849872	3.92157
0.852945	4.15686
0.856017	4.09804
0.85909	3.56863
0.862162	3.70588
0.865235	4.01961
0.868307	4
0.87138	4.11765
0.874452	4.17647
0.877525	4.13725
0.880597	4.17647
0.88367	4.33333
0.886742	4.54902
0.889815	4.52941
0.892887	4.23529
0.89596	3.98039
0.899032	3.72549
0.902105	3.88235
0.905177	4.07843
0.90825	4
0.911322	3.21569
0.914395	2.80392
0.917467	2.90196
0.92054	3.11765
0.923612	3.37255
0.926685	3.39216
0.929757	3.17647
0.93283	2.68627
0.935902	2.11765
0.938975	1.72549
0.942047	1.88235
0.94512	2.43137
0.948192	2.23529
0.951265	1.7451
0.954337	1.35294
0.95741	1.23529
0.960482	1.2549
0.963555	1.2549
0.966627	1.2549
0.9697	1.05882
0.972772	0.784314
0.975845	0.627451
0.978917	0.627451
0.98199	0.823529
0.985062	0.901961
0.988135	0.54902
0.991207	0.176471
0.99428	0.0392157
0.997352	0.196078
1.00042	0.509804
1.0035	0.72549
1.00657	0.705882
1.00969	0.54902
1.01281	0.313726
1.01592	0.0980392
1.01904	0.0392157
1.02216	0.352941
1.02528	0.764706
1.0284	1.05882
1.03151	0.941176
1.03463	0.686275
1.03775	0.647059
1.04087	0.823529
1.04399	1.01961
1.0471	1.15686
1.05022	1.15686
1.05334	0.941176
1.05646	0.627451
1.05958	0.509804
1.06269	0.686275
1.06581	0.960784
1.06893	1
1.07205	0.862745
1.07517	0.686275
1.07828	0.588235
1.0814	0.803922
1.08452	1.23529
1.08764	1.58824
1.09076	1.72549
1.09387	1.58824
1.09699	1.41176
1.10011	1.47059
1.10323	1.70588
1.10635	1.88235
1.10947	1.86275
1.11258	1.58824
1.1157	1.13725
1.11882	0.784314
1.12194	0.666667
1.12506	0.764706
1.12817	0.941176
1.13129	1.07843
1.13441	1.01961
1.13753	0.921569
1.14065	0.921569
1.14376	1.31373
1.14688	1.78431
1.15	2.17647
1.15312	2.47059
1.15624	2.60784
1.15935	2.56863
1.16247	3.01961
1.16559	3.35294
1.16871	3.60784
1.17183	3.66667
1.17494	3.60784
1.17806	3.56863
1.18118	3.68627
1.1843	3.96078
1.18742	4.27451
1.19053	4.37255
1.19365	4.29412
1.19677	4.21569
1.19989	4.2549
1.20301	4.4902
1.20612	4.66667
1.20924	4.7451
1.21236	4.66667
1.21548	4.33333
1.2186	4.2549
1.22171	4.54902
1.22483	4.92157
1.22795	4.98039
1.23107	4.98039
1.23419	4.98039
1.2373	4.98039
1.24042	4.98039
1.24354	4.98039
1.24666	5
1.24978	5
1.25289	5
1.25601	5
1.25913	5
1.26225	5
1.26537	5
1.26849	4.98039
1.2716	4.52941
1.27472	3.82353
1.27784	4.52941
1.28096	5
1.28408	4.98039
1.28719	4.98039
1.29031	4.98039
1.29343	2.05882
1.29655	0.0588235
1.29967	0
1.30278	0
1.3059	0
1.30902	0
1.31214	0
1.31526	0
1.31837	0
1.32149	0
1.32459	0
1.32769	0
1.33079	0
1.33389	0
1.33699	0
1.34009	0
1.34319	0.156863
1.34629	0.117647
1.34939	0
1.35249	0
1.35559	0
1.35869	0
1.36179	0
1.36489	0
1.36799	0
1.37109	0
1.37419	0
1.37729	0
1.38039	0.0392157
1.38349	0.313726
1.38659	0.215686
1.38969	0.0588235
1.39279	0.490196
1.39589	1.41176
1.39899	2.41176
1.40209	3.03922
1.40519	2.56863
1.40829	1.33333
1.41139	0
1.41449	0
1.41759	0
1.42069	0.0588235
1.42379	1.82353
1.42689	4.2549
1.42999	5
1.43309	5
1.43619	5
1.43929	5
1.44239	5
1.44549	5
1.44859	4.98039
1.45169	4.98039
1.45479	4.98039
1.45789	4.98039
1.46099	4.98039
1.46409	4.98039
1.46719	4.98039
1.47029	4.70588
1.47339	3.35294
1.47649	1.07843
1.47959	0
1.48269	0
1.48579	0
1.48889	0.0392157
1.49199	0.568627
1.49509	2.43137
1.49819	4.39216
1.50129	4.98039
1.50439	5
1.50749	4.98039
1.51059	4.98039
1.51369	4.98039
1.51679	4.98039
1.51989	4.98039
1.52299	5
1.52609	4.98039
1.52919	4.98039
1.53229	5
1.53539	4.98039
1.53849	3.94118
1.54159	3.68627
1.54469	3
1.54779	3.07843
1.55089	2.92157
1.55399	2.90196
1.55709	3.21569
1.56019	4.31373
1.56329	4.98039
1.56639	4.98039
1.56949	5
1.57259	4.98039
1.57569	4.98039
1.57878	4.98039
1.58188	4.98039
1.58498	5
1.58808	4.98039
1.59118	4.98039
1.59428	4.98039
1.59738	4.98039
1.60048	4.98039
1.60358	5
1.60668	5
1.60978	5
1.61288	5
1.61598	4.88235
1.61908	3.60784
1.62218	3.82353
1.62528	4.58824
1.62838	4.98039
1.63148	4.70588
1.63458	4.72549
1.63763	4.98039
1.64068	4.68627
1.64373	4.98039
1.64678	4.98039
1.64983	4.98039
1.65288	5
1.65593	4.98039
1.65898	4.98039
1.66203	4.98039
1.66508	4.98039
1.66813	5
1.67118	4.92157
1.67423	4.98039
1.67728	5
1.68033	5
1.68338	5
1.68643	5
1.68948	5
1.69253	5
1.69558	5
1.69863	5
1.70168	5
1.70473	4.98039
1.70778	4.98039
1.71083	4.27451
1.71388	4.21569
1.71693	3.60784
1.71998	2.92157
1.72303	5
1.72608	4.98039
1.72913	5
1.73218	5
1.73523	5
1.73828	5
1.74133	5
1.74438	4.98039
1.74743	4.98039
1.75048	4.47059
1.75353	4.21569
1.75658	1.86275
1.75963	2.13725
1.76268	3.66667
1.76573	5
1.76878	4.98039
1.77183	5
1.77488	5
1.77793	5
1.78098	5
1.78403	4.56863
1.78708	3.7451
1.79013	1.19608
1.79318	0.411765
1.79623	0
1.79928	0
1.80233	0
1.80538	0
1.80842	0
1.81147	0
1.81452	0
1.81757	0
1.82062	0
1.82367	0
1.82672	0
1.82977	0
1.83282	0.470588
1.83587	1.23529
1.83892	2.80392
1.84197	5
1.84502	5
1.84807	5
1.85112	5
1.85417	5
1.85722	4.98039
1.86027	4.98039
1.86332	4.54902
1.86637	3.86275
1.86942	3.27451
1.87247	1.64706
1.87552	0
1.87857	0
1.88162	0
1.88467	0
1.88772	0
1.89077	0.45098
1.89382	2.68627
1.89687	5
1.89992	5
1.90297	4.98039
1.90602	4.96078
1.90907	4.27451
1.91212	3.82353
1.91517	3.88235
1.91822	4.45098
1.92127	4.96078
1.92432	4.56863
1.92737	3.7451
1.93042	2.72549
1.93347	1.94118
1.93652	1.58824
1.93957	1.31373
1.94262	0.0784314
1.94567	0
1.94876	0
1.95185	0
1.95494	0
1.95803	0
1.96112	0
1.96421	0
1.9673	0
1.9704	0.0588235
1.97349	1.39216
1.97658	4.17647
1.97967	5
1.98276	5
1.98585	5
1.98894	4.98039
1.99203	4.98039
1.99512	4.98039
1.99821	4.76471
2.0013	4.58824
2.00439	4.33333
2.00749	3.45098
2.01058	1.78431
2.01367	0.568627
2.01676	0.235294
2.01985	1.98039
2.02294	4.60784
2.02603	4.92157
2.02912	2.82353
2.03221	0.294118
2.0353	0
2.03839	0.843137
2.04148	3.23529
2.04458	2.82353
2.04767	0
2.05076	0
2.05385	0
2.05694	0
2.06003	0
2.06312	0
2.06621	0
2.0693	0
2.07239	0
2.07548	0
2.07858	0
2.08167	0.117647
2.08476	0.568627
2.08785	0.490196
2.09094	0
2.09403	0
2.09712	0.0196078
2.10021	0.0392157
2.1033	0.0784314
2.10639	0
2.10948	0
2.11257	0
2.11567	0
2.11876	0
2.12185	0
2.12494	0
2.12803	0
2.13112	0
2.13421	0.117647
2.1373	0.254902
2.14039	0.352941
2.14348	0.0588235
2.14657	0
2.14966	0
2.15276	0
2.15585	0
2.15894	0
2.16203	0.372549
2.16512	0.921569
2.16821	0.509804
2.1713	0
2.17439	0
2.17748	0
2.18057	0
2.18366	0
2.18676	0
2.18985	0
2.19294	0
2.19603	0
2.19912	0
2.20221	0
2.2053	0
2.20839	0
2.21148	0
2.21457	0
2.21766	0
2.22075	0
2.22385	0
2.22694	0
2.23003	0
2.23312	0
2.23621	0
2.2393	0
2.24239	0
2.24548	0
2.24857	0
2.25166	0
2.25475	0
2.25784	0.0588235
2.26093	0.490196
2.26402	0.607843
2.26711	0.843137
2.27019	1.27451
2.27328	1.78431
2.27637	2.21569
2.27945	2.21569
2.28254	1.80392
2.28563	1.5098
2.28872	1.62745
2.2918	2.35294
2.29489	2.33333
2.29798	2
2.30106	1.60784
2.30415	1.54902
2.30724	1.82353
2.31032	2.27451
2.31341	2.17647
2.3165	2.45098
2.31959	2.90196
2.32267	3.62745
2.32576	4.43137
2.32885	4.98039
2.33193	4.98039
2.33502	4.86275
2.33811	4.68627
2.3412	4.52941
2.34428	4.90196
2.34737	4.98039
2.35046	4.98039
2.35354	4.98039
2.35663	4.98039
2.35972	4.98039
2.3628	4.60784
2.36589	4.35294
2.36898	4.43137
2.37207	4.70588
2.37515	4.70588
2.37824	4.27451
2.38133	3.80392
2.38441	3.35294
2.3875	3.29412
2.39059	3.35294
2.39367	3.5098
2.39676	3.33333
2.39985	3.09804
2.40294	3.07843
2.40602	3.2549
2.40911	3.37255
2.4122	3.47059
2.41528	3.70588
2.41837	3.86275
2.42146	3.88235
2.42455	4
2.42763	4.03922
2.43072	4.29412
2.43381	4.56863
2.43689	4.60784
2.43998	4.7451
2.44307	4.7451
2.44615	4.78431
2.44924	4.70588
2.45233	4.70588
2.45542	4.66667
2.4585	4.78431
2.46159	4.90196
2.46468	4.4902
2.46776	4.07843
2.47085	4.31373
2.47394	4.72549
2.47703	4.98039
2.48011	4.98039
2.4832	4.90196
2.48629	4.98039
2.48937	4.98039
2.49246	4.98039
2.49555	4.98039
2.49863	4.98039
2.50172	4.76471
2.50481	4.29412
2.5079	3.92157
2.51098	3.7451
2.51407	3.15686
2.51716	2.86275
2.52024	2.64706
2.52333	2.37255
2.52642	1.84314
2.5295	1.60784
2.53259	1.56863
2.53568	1.52941
2.53877	1.41176
2.54185	1.13725
2.54494	0.509804
2.54803	0.607843
2.55111	1.62745
2.5542	1.80392
2.55729	1.78431
2.56038	1.66667
2.56346	1.52941
2.56655	1.58824
2.56964	1.76471
2.57272	1.96078
2.57579	2.07843
2.57886	2.15686
2.58193	2.09804
2.585	1.92157
2.58807	1.94118
2.59114	2.37255
2.59421	2.72549
2.59728	2.2549
2.60035	1.7451
2.60342	1.54902
2.60649	1.60784
2.60956	1.72549
2.61263	1.84314
2.61569	1.68627
2.61876	1.29412
2.62183	1.01961
2.6249	1.17647
2.62797	1.2549
2.63104	1.11765
2.63411	1.13725
2.63718	1.27451
2.64025	1.29412
2.64332	1.43137
2.64639	1.43137
2.64946	1.41176
2.65253	1.52941
2.6556	1.4902
2.65867	1.39216
2.66174	1.64706
2.66481	2.01961
2.66787	2.52941
2.67094	2.66667
2.67401	2.60784
2.67708	2.4902
2.68015	2.56863
2.68322	2.86275
2.68629	3.15686
2.68936	3.33333
2.69243	3.09804
2.6955	2.86275
2.69857	2.78431
2.70164	3
2.70471	3.27451
2.70778	3.45098
2.71085	3.4902
2.71392	3.21569
2.71699	2.88235
2.72005	2.78431
2.72312	2.7451
2.72619	2.5098
2.72926	2.41176
2.73233	2.11765
2.7354	1.92157
2.73847	1.80392
2.74154	1.88235
2.74461	1.88235
2.74768	1.76471
2.75075	1.66667
2.75382	1.35294
2.75689	1.03922
2.75996	1.07843
2.76303	1.39216
2.7661	1.78431
2.76917	1.68627
2.77223	1.56863
2.7753	1.70588
2.77837	2.09804
2.78144	2.54902
2.78451	2.90196
2.78758	2.94118
2.79065	2.76471
2.79372	2.58824
2.79679	2.72549
2.79986	2.98039
2.80293	3.19608
2.806	3.17647
2.80907	2.7451
2.81214	2.7451
2.81521	3
2.81828	3.29412
2.82134	3.52941
2.82441	3.56863
2.82748	3.29412
2.83055	2.86275
2.83362	2.80392
2.83669	2.96078
2.83976	3.05882
2.84283	2.92157
2.8459	2.56863
2.84897	2.07843
2.85204	1.76471
2.85511	1.66667
2.85818	1.82353
2.86125	2.05882
2.86432	2.09804
2.86739	1.94118
2.87046	1.72549
2.87352	1.82353
2.87659	2.21569
2.87966	2.62745
2.88273	2.90196
2.88585	3.01961
2.88897	2.84314
2.89208	2.52941
2.8952	2.43137
2.89831	2.54902
2.90143	2.78431
2.90455	2.96078
2.90766	2.90196
2.91078	2.64706
2.91389	2.45098
2.91701	2.4902
2.92013	2.84314
2.92324	3.27451
2.92636	3.39216
2.92947	3.05882
2.93259	2.60784
2.93571	2.41176
2.93882	2.64706
2.94194	2.98039
2.94506	3.23529
2.94817	3.23529
2.95129	2.90196
2.9544	2.5098
2.95752	2.43137
2.96064	2.60784
2.96375	2.86275
2.96687	2.88235
2.96998	2.60784
2.9731	2.17647
2.97622	1.86275
2.97933	1.82353
2.98245	2
2.98557	2.13725
2.98868	2.09804
2.9918	1.84314
2.99491	1.60784
2.99803	1.56863
3.00115	1.86275
3.00426	2.2549
3.00738	2.47059
3.01049	2.35294
3.01361	2.09804
3.01673	1.84314
3.01984	1.82353
3.02296	2.05882
3.02607	2.43137
3.02919	2.31373
3.03231	2.05882
3.03542	1.96078
3.03854	2.15686
3.04166	2.5098
3.04477	2.80392
3.04789	2.84314
3.051	2.60784
3.05412	2.29412
3.05724	2.21569
3.06035	2.37255
3.06347	2.64706
3.06658	2.7451
3.0697	2.37255
3.07282	2.09804
3.07593	2.07843
3.07905	2.13725
3.08217	2.21569
3.08528	2.03922
3.0884	1.58824
3.09151	0.470588
3.09463	0
3.09775	0
3.10086	0
3.10398	0.0392157
3.10709	0.137255
3.11021	0.156863
3.11333	0.254902
3.11644	0.686275
3.11956	1.19608
3.12267	1.43137
3.12579	1.41176
3.12891	1.15686
3.13202	1.01961
3.13514	1.13725
3.13826	1.45098
3.14137	1.82353
3.14449	2.07843
3.1476	2.01961
3.15072	1.78431
3.15384	1.72549
3.15695	2.35294
3.16007	2.64706
3.16318	2.72549
3.1663	2.52941
3.16942	2.29412
3.17253	2.21569
3.17565	2.41176
3.17877	2.76471
3.18188	2.98039
3.185	2.90196
3.18811	2.52941
3.19123	2.09804
3.19435	1.90196
3.19746	1.94118
3.20056	1.94118
3.20366	1.76471
3.20676	1.47059
3.20986	1.29412
3.21296	1.41176
3.21606	1.68627
3.21916	2
3.22226	2.11765
3.22536	2.05882
3.22846	1.90196
3.23156	1.94118
3.23466	2.31373
3.23775	2.80392
3.24085	3.17647
3.24395	3.33333
3.24705	3.2549
3.25015	3.41176
3.25325	3.68627
3.25635	4
3.25945	4.23529
3.26255	4.13725
3.26565	3.90196
3.26875	3.72549
3.27185	3.90196
3.27495	4.2549
3.27805	4.4902
3.28115	4.62745
3.28425	4.54902
3.28735	4.45098
3.29045	4.43137
3.29354	4.72549
3.29664	4.98039
3.29974	4.98039
3.30284	4.98039
3.30594	4.90196
3.30904	4.56863
3.31214	4.43137
3.31524	4.45098
3.31834	4.47059
3.32144	4.41176
3.32454	4.15686
3.32764	3.78431
3.33074	3.52941
3.33384	3.54902
3.33694	3.82353
3.34004	4.07843
3.34314	4.23529
3.34624	4.17647
3.34933	3.88235
3.35243	3.64706
3.35553	3.76471
3.35863	3.68627
3.36173	3.52941
3.36483	3.4902
3.36793	3.39216
3.37103	3.19608
3.37413	3.09804
3.37723	3.19608
3.38033	3.41176
3.38343	3.37255
3.38653	3.05882
3.38963	2.70588
3.39273	2.52941
3.39583	2.60784
3.39893	2.76471
3.40203	2.80392
3.40512	2.62745
3.40822	2
3.41132	1.31373
3.41442	0.823529
3.41752	1.01961
3.42062	1.43137
3.42372	1.86275
3.42682	2.01961
3.42992	2
3.43302	1.82353
3.43612	1.47059
3.43922	1.39216
3.44232	1.86275
3.44542	2.29412
3.44852	2.33333
3.45162	1.94118
3.45472	1.33333
3.45782	1.11765
3.46091	1.21569
3.46401	1.39216
3.46711	1.58824
3.47021	1.62745
3.47331	1.7451
3.47641	1.90196
3.47951	2.19608
3.48261	2.33333
3.48571	2.33333
3.48881	2.41176
3.49191	2.56863
3.49501	2.80392
3.49811	2.96078
3.50121	2.92157
3.50431	3.05882
3.50741	3.88235
3.51051	4.03922
3.51358	4.03922
3.51665	4.07843
3.51972	4.13725
3.52279	4.39216
3.52586	4.5098
3.52893	4.52941
3.532	4.70588
3.53507	4.7451
3.53814	4.4902
3.54121	4.09804
3.54428	3.76471
3.54735	3.41176
3.55042	2.5098
3.55349	2.15686
3.55656	2
3.55963	1.78431
3.5627	1.70588
3.56577	1.5098
3.56884	1.23529
3.57191	0.921569
3.57498	0.843137
3.57805	0.901961
3.58112	1
3.58419	0.960784
3.58726	0.54902
3.59033	0
3.59341	0.0392157
3.59648	0.176471
3.59955	0.803922
3.60262	1.41176
3.60569	1.86275
3.60876	2.07843
3.61183	2.31373
3.6149	2.27451
3.61797	2.19608
3.62104	2.86275
3.62411	3.60784
3.62718	4.15686
3.63025	4.41176
3.63332	4.78431
3.63639	5
3.63946	4.98039
3.64253	4.98039
3.6456	4.98039
3.64867	4.98039
3.65174	4.98039
3.65481	4.98039
3.65788	4.98039
3.66095	4.98039
3.66402	4.98039
3.66709	4.70588
3.67016	4.90196
3.67323	4.98039
3.6763	4.98039
3.67938	4.98039
3.68245	4.98039
3.68552	4.90196
3.68859	4.72549
3.69166	4.82353
3.69473	4.98039
3.6978	4.98039
3.70087	4.86275
3.70394	4.43137
3.70701	4.01961
3.71008	3.88235
3.71315	3.72549
3.71622	3.35294
3.71929	3.05882
3.72236	3.2549
3.72543	3.60784
3.7285	3.94118
3.73157	4.29412
3.73464	4.56863
3.73771	4.70588
3.74078	4.98039
3.74385	4.86275
3.74692	4.98039
3.74999	5
3.75306	5
3.75613	5
3.7592	5
3.76227	5
3.76535	5
3.76842	5
3.77149	5
3.77456	4.98039
3.77763	4.98039
3.7807	4.98039
3.78377	5
3.78684	5
3.78991	4.98039
3.79298	4.96078
3.79605	3.66667
3.79912	4.66667
3.80219	4.54902
3.80526	3.15686
3.80833	2.01961
3.8114	0.411765
3.81447	0
3.81754	0
3.82061	0
3.82368	0
3.82676	0
3.82984	0
3.83292	0
3.83601	0
3.83909	0
3.84217	0
3.84525	0
3.84833	0
3.85141	0
3.85449	0
3.85757	0
3.86065	0
3.86373	0
3.86681	0
3.86989	0
3.87298	0
3.87606	0
3.87914	0
3.88222	0
3.8853	0
3.88838	0
3.89146	0
3.89454	0
3.89762	0
3.9007	0.0588235
3.90378	0.196078
3.90686	0
3.90995	0
3.91303	0
3.91611	0
3.91919	0
3.92227	0
3.92535	0
3.92843	0
3.93151	0
3.93459	0
3.93767	0
3.94075	0
3.94383	0
3.94692	0
3.95	0
3.95308	0
3.95616	0
3.95924	0
3.96232	0
3.9654	0.156863
3.96848	0.803922
3.97156	1.39216
3.97464	1.88235
3.97772	2.21569
3.9808	1.98039
3.98389	1.92157
3.98697	2.05882
3.99005	2.35294
3.99313	2.64706
3.99621	2.58824
3.99929	2.29412
4.00237	2.17647
4.00545	2.39216
4.00853	2.98039
4.01161	3.11765
4.01469	2.82353
4.01778	2.80392
4.02086	3.13725
4.02394	3.80392
4.02702	3.96078
4.0301	4.07843
4.03318	4.05882
4.03626	3.82353
4.03934	3.70588
4.04242	3.58824
4.0455	3.60784
4.04858	3.62745
4.05166	3.70588
4.05475	3.54902
4.05783	3.37255
4.06091	2.98039
4.06399	2.68627
4.06707	3.31373
4.07015	3.66667
4.07323	3.64706
4.07631	3.29412
4.07939	2.7451
4.08247	2.13725
4.08555	1.72549
4.08863	1.88235
4.09172	2.29412
4.0948	2.45098
4.09788	2.2549
4.10096	1.70588
4.10404	1.43137
4.10712	1.19608
4.1102	0.705882
4.11328	0.72549
4.11636	0.823529
4.11944	1.03922
4.12252	1.35294
4.1256	1.39216
4.12869	1.56863
4.13177	1.58824
4.13485	1.58824
4.13795	1.84314
4.14105	2.27451
4.14416	2.76471
4.14726	3.07843
4.15036	3.27451
4.15346	3.47059
4.15657	3.17647
4.15967	3.47059
4.16277	4.03922
4.16587	4.58824
4.16898	4.62745
4.17208	4.17647
4.17518	3.78431
4.17829	3.54902
4.18139	3.35294
4.18449	3.33333
4.18759	3.60784
4.1907	3.7451
4.1938	3.98039
4.1969	3.54902
4.20001	3.64706
4.20311	4.39216
4.20621	4.98039
4.20931	4.84314
4.21242	4.19608
4.21552	3.31373
4.21862	2.78431
4.22172	2.64706
4.22483	2.39216
4.22793	1.92157
4.23103	1.17647
4.23414	0.54902
4.23724	0.745098
4.24034	1.37255
4.24344	1.88235
4.24655	2.09804
4.24965	1.84314
4.25275	1.39216
4.25586	1.13725
4.25896	1.29412
4.26206	1.80392
4.26516	2.58824
4.26827	3.17647
4.27137	3.2549
4.27447	3.03922
4.27758	2.80392
4.28068	2.78431
4.28378	3.23529
4.28688	3.98039
4.28999	4.31373
4.29309	4.15686
4.29619	3.7451
4.29929	3.58824
4.3024	3.7451
4.3055	3.7451
4.3086	3.68627
4.31171	3.4902
4.31481	3.21569
4.31791	2.80392
4.32101	2.60784
4.32412	2.72549
4.32722	3.11765
4.33032	3.5098
4.33343	3.45098
4.33653	3.09804
4.33963	2.94118
4.34273	3.03922
4.34584	3.37255
4.34894	3.43137
4.35204	3.05882
4.35514	3.2549
4.35825	3.31373
4.36135	3.54902
4.36445	3.94118
4.36756	4.15686
4.37066	4.09804
4.37376	3.88235
4.37686	3.52941
4.37997	3.21569
4.38307	3.13725
4.38617	3.13725
4.38928	3.05882
4.39238	2.96078
4.39548	2.68627
4.39858	2.29412
4.40169	2.07843
4.40479	2.35294
4.40789	2.70588
4.41099	2.80392
4.4141	2.27451
4.4172	2.01961
4.4203	2
4.42341	2.21569
4.42651	2.47059
4.42961	2.56863
4.43271	2.33333
4.43582	1.96078
4.43892	1.70588
4.44202	1.76471
4.44513	2.07843
4.44823	2.33333
4.4513	2.35294
4.45437	2.11765
4.45744	1.82353
4.46052	2.01961
4.46359	2.31373
4.46666	2.5098
4.46973	2.5098
4.47281	2.2549
4.47588	1.92157
4.47895	1.84314
4.48202	2.07843
4.4851	2.41176
4.48817	2.60784
4.49124	2.5098
4.49431	2.23529
4.49738	2.03922
4.50046	2.54902
4.50353	2.86275
4.5066	2.92157
4.50967	2.76471
4.51275	2.35294
4.51582	2.09804
4.51889	2.27451
4.52196	2.56863
4.52503	2.7451
4.52811	2.62745
4.53118	2.37255
4.53425	2
4.53732	2.01961
4.5404	2.37255
4.54347	2.78431
4.54654	2.66667
4.54961	2.39216
4.55268	2.17647
4.55576	2.23529
4.55883	2.58824
4.5619	3.05882
4.56497	3.19608
4.56805	2.88235
4.57112	2.4902
4.57419	2.31373
4.57726	2.4902
4.58034	2.86275
4.58341	3.15686
4.58648	2.94118
4.58955	2.58824
4.59262	2.4902
4.5957	2.70588
4.59877	3.03922
4.60184	3.13725
4.60491	2.94118
4.60799	2.56863
4.61106	2.31373
4.61413	2.37255
4.6172	2.68627
4.62027	2.94118
4.62335	2.86275
4.62642	2.54902
4.62949	1.62745
4.63256	1.7451
4.63564	2.03922
4.63871	2.05882
4.64178	1.94118
4.64485	2.11765
4.64792	2.21569
4.651	2.43137
4.65407	2.78431
4.65714	3.15686
4.66021	3.29412
4.66329	3.23529
4.66636	2.90196
4.66943	2.56863
4.6725	2.88235
4.67558	3.13725
4.67865	3.13725
4.68172	2.82353
4.68479	2.41176
4.68786	2.19608
4.69094	2.37255
4.69401	2.72549
4.69708	2.94118
4.70015	2.92157
4.70323	2.66667
4.7063	2.29412
4.70937	2.17647
4.71244	2.31373
4.71551	2.5098
4.71859	2.5098
4.72166	2.19608
4.72473	1.66667
4.7278	1.31373
4.73088	1.33333
4.73395	1.62745
4.73702	1.84314
4.74009	1.86275
4.74317	1.5098
4.74624	1.15686
4.74931	1.03922
4.75238	1.31373
4.75545	1.72549
4.75853	2.01961
4.7616	2.09804
4.7647	1.92157
4.7678	1.68627
4.77091	1.7451
4.77401	2.11765
4.77711	2.39216
4.78021	2.31373
4.78331	1.86275
4.78642	0.588235
4.78952	0.137255
4.79262	0.666667
4.79572	1.4902
4.79883	2.19608
4.80193	2.60784
4.80503	2.66667
4.80813	2.47059
4.81124	2.39216
4.81434	2.68627
4.81744	3.13725
4.82054	3.5098
4.82364	3.54902
4.82675	3.21569
4.82985	2.72549
4.83295	2.54902
4.83605	2.7451
4.83916	2.90196
4.84226	3.03922
4.84536	2.88235
4.84846	2.5098
4.85157	2.19608
4.85467	2.19608
4.85777	2.39216
4.86087	2.60784
4.86397	2.66667
4.86708	2.45098
4.87018	2.13725
4.87328	1.96078
4.87638	2.13725
4.87949	2.47059
4.88259	2.70588
4.88569	2.7451
4.88879	2.21569
4.8919	2.17647
4.895	2.45098
4.8981	2.7451
4.9012	2.92157
4.9043	2.80392
4.90741	2.5098
4.91051	2.19608
4.91361	2.27451
4.91671	2.56863
4.91982	2.90196
4.92292	3.01961
4.92602	2.76471
4.92912	2.45098
4.93223	2.45098
4.93533	2.76471
4.93843	2.96078
4.94153	2.88235
4.94463	2.4902
4.94774	2.09804
4.95084	2.01961
4.95394	2.33333
4.95704	2.62745
4.96015	2.66667
4.96325	2.39216
4.96635	2
4.96945	1.64706
4.97256	1.66667
4.97566	2.29412
4.97876	2.66667
4.98186	2.82353
4.98496	2.68627
4.98807	2.56863
4.99117	2.84314
4.99427	3.2549
4.99737	3.60784
5.00048	3.78431
5.00358	3.94118
5.00668	4.31373
5.00978	4.98039
5.01289	4.98039
5.01599	4.98039
5.01909	4.56863
5.02219	4.03922
5.02529	3.64706
5.0284	3.66667
5.0315	3.88235
5.0346	3.98039
5.0377	3.94118
5.04081	3.60784
5.04391	3.09804
5.04701	2.58824
5.05011	2.66667
5.05322	2.92157
5.05632	3.17647
5.05942	3.23529
5.06252	2.76471
5.06562	2.7451
5.06873	3
5.07183	3.39216
5.07493	3.84314
5.07804	3.80392
5.08116	3.45098
5.08427	3.05882
5.08738	3.09804
5.0905	3.45098
5.09361	3.78431
5.09672	4.01961
5.09983	3.96078
5.10295	3.7451
5.10606	3.72549
5.10917	4.11765
5.11228	4.54902
5.1154	4.84314
5.11851	4.64706
5.12162	4.31373
5.12474	4.27451
5.12785	4.62745
5.13096	4.98039
5.13407	4.98039
5.13719	4.7451
5.1403	4.45098
5.14341	4.15686
5.14653	4.01961
5.14964	4.03922
5.15275	4.05882
5.15586	3.98039
5.15898	3.7451
5.16209	3.54902
5.1652	3.29412
5.16831	3.33333
5.17143	3.56863
5.17454	3.86275
5.17765	3.68627
5.18077	3.41176
5.18388	3.17647
5.18699	3.09804
5.1901	3.03922
5.19322	2.90196
5.19633	2.64706
5.19944	1.94118
5.20256	1.43137
5.20567	1.23529
5.20878	1.37255
5.21189	1.72549
5.21501	1.90196
5.21812	1.90196
5.22123	1.56863
5.22435	1.09804
5.22746	0.490196
5.23057	0.352941
5.23368	0.333333
5.2368	0.196078
5.23991	0
5.24302	0
5.24613	0
5.24925	0
5.25236	0.294118
5.25547	0.686275
5.25859	0.901961
5.2617	0.72549
5.26481	0.117647
5.26792	0
5.27104	0.176471
5.27415	0.980392
5.27726	1.78431
5.28038	2.29412
5.28349	2.23529
5.2866	2.09804
5.28971	2.01961
5.29283	2.09804
5.29594	2.35294
5.29905	2.90196
5.30217	3.33333
5.30528	3.58824
5.30839	3.7451
5.3115	4
5.31462	4.35294
5.31773	4.82353
5.32084	4.98039
5.32395	4.98039
5.32707	4.98039
5.33018	4.98039
5.33329	4.98039
5.33641	5
5.33952	5
5.34263	5
5.34574	5
5.34886	4.98039
5.35197	4.86275
5.35508	4.80392
5.3582	4.98039
5.36131	4.98039
5.36442	4.98039
5.36753	4.94118
5.37065	3.58824
5.37376	2.98039
5.37687	2.45098
5.37998	2.05882
5.3831	1.54902
5.38621	0.901961
5.38932	0.392157
5.39244	0.27451
5.3955	0.196078
5.39856	0.215686
5.40162	0.0588235
5.40469	0
5.40775	0
5.41081	0.0392157
5.41387	1.23529
5.41693	1.70588
5.42	1.88235
5.42306	2
5.42612	1.98039
5.42918	2.21569
5.43225	2.80392
5.43531	3.70588
5.43837	4.70588
5.44143	4.98039
5.44449	4.98039
5.44756	4.98039
5.45062	4.98039
5.45368	5
5.45674	4.98039
5.45981	5
5.46287	5
5.46593	5
5.46899	5
5.47205	5
5.47512	5
5.47818	5
5.48124	5
5.4843	5
5.48737	5
5.49043	4.98039
5.49349	4.98039
5.49655	3.94118
5.49961	0.54902
5.50268	0
5.50574	0
5.5088	0
5.51186	0
5.51493	0
5.51799	0
5.52105	0
5.52411	0
5.52717	0
5.53024	0
5.5333	0
5.53636	0
5.53942	0.784314
5.54249	5
5.54555	5
5.54861	5
5.55167	4.98039
5.55474	4.98039
5.5578	4.66667
5.56086	3.58824
5.56392	2.13725
5.56698	0.313726
5.57005	0
5.57311	0
5.57617	0
5.57923	0
5.5823	0
5.58536	0
5.58842	0
5.59148	0
5.59454	0
5.59761	0
5.60067	0
5.60373	0
5.60679	0
5.60986	0
5.61292	0
5.61598	0
5.61904	0
5.6221	0
5.62517	0
5.62823	0.372549
5.63129	1.19608
5.63435	1.52941
5.63742	1.37255
5.64048	1.13725
5.64354	1.29412
5.6466	1.52941
5.64966	1.78431
5.65273	1.7451
5.65579	1.78431
5.65885	2.15686
5.66191	2.78431
5.66498	3.35294
5.66804	3.94118
5.6711	4.4902
5.67416	4.80392
5.67723	4.98039
5.68029	4.96078
5.68335	4.96078
5.68641	4.7451
5.68947	4.23529
5.69254	3.41176
5.6956	2.2549
5.69866	0.980392
5.70172	0
5.70481	0
5.70791	0
5.711	0
5.71409	0
5.71718	0
5.72027	0
5.72337	0
5.72646	0
5.72955	0
5.73264	0
5.73573	0
5.73882	0
5.74192	0
5.74501	0
5.7481	0
5.75119	0
5.75428	0
5.75738	0
5.76047	0
5.76356	0
5.76665	0.27451
5.76974	0.45098
5.77283	0.54902
5.77593	0.568627
5.77902	0.588235
5.78211	0.647059
5.7852	0.921569
5.78829	1.41176
5.79139	1.80392
5.79448	2
5.79757	1.66667
5.80066	1.41176
5.80375	2.15686
5.80684	3.07843
5.80994	3.72549
5.81303	3.86275
5.81612	3.4902
5.81921	3.35294
5.8223	3.29412
5.8254	3.47059
5.82849	3.58824
5.83158	3.70588
5.83467	3.78431
5.83776	3.88235
5.84085	3.92157
5.84395	3.80392
5.84704	4.17647
5.85013	4.98039
5.85322	4.98039
5.85631	4.98039
5.85941	4.88235
5.8625	4.98039
5.86559	4.98039
5.86868	4.98039
5.87177	4.98039
5.87486	4.98039
5.87796	4.98039
5.88105	4.98039
5.88414	4.98039
5.88723	4.98039
5.89032	4.94118
5.89342	4.68627
5.89651	4.27451
5.8996	4.21569
5.90269	4.45098
5.90578	4.72549
5.90887	4.98039
5.91197	4.96078
5.91506	4.72549
5.91815	4.31373
5.92124	4.09804
5.92433	3.88235
5.92743	3.62745
5.93052	3.41176
5.93361	3.13725
5.9367	3.03922
5.93979	3.11765
5.94288	3.52941
5.94598	4.19608
5.94907	4.70588
5.95216	4.37255
5.95525	3.54902
5.95834	3.43137
5.96144	3.70588
5.96453	3.96078
5.96762	3.78431
5.97071	2.84314
5.9738	2.84314
5.97689	3.41176
5.97999	3.92157
5.98308	4
5.98617	3.80392
5.98926	3.4902
5.99235	3.29412
5.99545	3.09804
5.99854	3.17647
6.00163	3.7451
6.00472	4.09804
6.00781	4.19608
6.0109	3.96078
6.014	3.68627
6.0171	3.64706
6.02021	3.43137
6.02332	3.5098
6.02642	3.62745
6.02953	3.68627
6.03264	3.54902
6.03575	3.80392
6.03885	4.13725
6.04196	4.23529
6.04507	3.96078
6.04817	3.58824
6.05128	3.33333
6.05439	3.2549
6.0575	3.39216
6.0606	3.29412
6.06371	2.54902
6.06682	2.07843
6.06992	2.15686
6.07303	2.31373
6.07614	2.43137
6.07924	2.29412
6.08235	2.19608
6.08546	1.94118
6.08857	1.62745
6.09167	1.45098
6.09478	1.58824
6.09789	1.90196
6.10099	2.2549
6.1041	2.41176
6.10721	2.21569
6.11032	1.98039
6.11342	1.98039
6.11653	2.27451
6.11964	2.56863
6.12274	2.70588
6.12585	2.52941
6.12896	2.11765
6.13206	1.66667
6.13517	1.72549
6.13828	1.96078
6.14139	2.15686
6.14449	2.35294
6.1476	2.15686
6.15071	1.78431
6.15381	1.68627
6.15692	1.86275
6.16003	2.15686
6.16314	2.27451
6.16624	2.07843
6.16935	1.84314
6.17246	1.5098
6.17556	1.43137
6.17867	1.56863
6.18178	1.88235
6.18489	2.11765
6.18799	1.80392
6.1911	1.5098
6.19421	1.31373
6.19731	1.4902
6.20042	1.88235
6.20353	2.33333
6.20663	2.62745
6.20974	2.52941
6.21285	2.27451
6.21596	2.13725
6.21906	2.41176
6.22217	2.90196
6.22528	3.11765
6.22838	3.21569
6.23149	3.11765
6.2346	2.82353
6.23771	2.56863
6.24081	2.62745
6.24392	3.01961
6.24703	3.29412
6.25013	3.13725
6.25324	2.76471
6.25635	2.62745
6.25945	2.92157
6.26256	3.29412
6.26567	3.52941
6.26878	3.60784
6.27188	3.37255
6.27499	3.05882
6.2781	2.98039
6.2812	3.2549
6.28431	3.47059
6.28742	3.47059
6.29053	3.11765
6.29363	2.68627
6.29674	2.52941
6.29985	2.66667
6.30295	2.92157
6.30606	3.01961
6.30917	2.88235
6.31227	2.54902
6.31538	2.27451
6.31849	2.31373
6.3216	2.92157
6.3247	2.94118
6.32781	2.66667
6.33092	2.2549
6.334	2.07843
6.33708	2.29412
6.34016	2.68627
6.34324	3.01961
6.34632	2.88235
6.3494	2.35294
6.35248	2.03922
6.35556	2.09804
6.35864	2.39216
6.36172	2.66667
6.3648	2.47059
6.36788	2.07843
6.37096	1.7451
6.37404	1.86275
6.37712	2.31373
6.3802	2.72549
6.38328	2.80392
6.38636	2.58824
6.38944	2.23529
6.39252	2.11765
6.39561	2.35294
6.39869	2.76471
6.40177	3.03922
6.40485	2.98039
6.40793	2.31373
6.41101	2.23529
6.41409	2.47059
6.41717	2.76471
6.42025	2.88235
6.42333	2.76471
6.42641	2.47059
6.42949	2.19608
6.43257	2.13725
6.43565	2.37255
6.43873	2.60784
6.44181	2.72549
6.44489	2.54902
6.44797	2.09804
6.45105	1.72549
6.45413	2.05882
6.45721	2.37255
6.46029	2.41176
6.46337	2.13725
6.46645	1.80392
6.46953	1.80392
6.47261	2.13725
6.47569	2.52941
6.47878	2.7451
6.48186	2.60784
6.48494	2.33333
6.48802	2.15686
6.4911	2.35294
6.49418	3.17647
6.49726	3.39216
6.50034	3.29412
6.50342	3.01961
6.5065	2.80392
6.50958	2.94118
6.51266	3.27451
6.51574	3.45098
6.51882	3.31373
6.5219	2.90196
6.52498	2.4902
6.52806	2.41176
6.53114	2.70588
6.53422	3.01961
6.5373	2.88235
6.54038	2.43137
6.54346	2.13725
6.54654	2.17647
6.54962	2.52941
6.5527	2.78431
6.55578	2.78431
6.55886	2.45098
6.56194	1.96078
6.56503	1.7451
6.56811	1.84314
6.57119	2.15686
6.57427	2.60784
6.57735	2.76471
6.58043	2.5098
6.58351	2.15686
6.58659	2.2549
6.58967	2.64706
6.59275	3.07843
6.59583	3.23529
6.59891	3.13725
6.60199	2.80392
6.60507	2.43137
6.60815	2.39216
6.61123	2.66667
6.61431	3
6.61739	3.01961
6.62047	2.7451
6.62355	2.41176
6.62663	2.27451
6.62971	2.56863
6.63279	3.03922
6.63587	3.37255
6.63895	3.45098
6.64203	3.23529
6.64514	3.01961
6.64824	3.11765
6.65134	3.43137
6.65444	3.58824
6.65755	3.7451
6.66065	3.58824
6.66375	3.19608
6.66685	2.7451
6.66996	2.68627
6.67306	2.92157
6.67616	3.07843
6.67926	2.82353
6.68236	2.47059
6.68547	2.17647
6.68857	2.05882
6.69167	2.21569
6.69477	2.35294
6.69788	2.37255
6.70098	2.41176
6.70408	2.5098
6.70718	2.68627
6.71029	3.05882
6.71339	3.52941
6.71649	3.86275
6.71959	4.19608
6.72269	4.11765
6.7258	3.68627
6.7289	3.31373
6.732	3.17647
6.7351	3.21569
6.73821	3.09804
6.74131	3.05882
6.74441	2.52941
6.74751	1.96078
6.75062	2.03922
6.75372	3.05882
6.75682	3.5098
6.75992	3.68627
6.76302	3.4902
6.76613	3.2549
6.76923	3.31373
6.77233	3.68627
6.77543	3.96078
6.77854	3.96078
6.78164	3.56863
6.78474	3.31373
6.78784	2.94118
6.79095	2.86275
6.79405	3.03922
6.79715	3.07843
6.80025	2.19608
6.80335	1.4902
6.80646	1.78431
6.80956	2.39216
6.81266	2.60784
6.81576	2.58824
6.81887	2.37255
6.82197	2.09804
6.82507	1.82353
6.82817	2.11765
6.83127	2.82353
6.83438	3.31373
6.83748	3.39216
6.84058	2.33333
6.84368	1.78431
6.84679	1.54902
6.84989	1.78431
6.85299	2.03922
6.85609	2.17647
6.8592	1.84314
6.8623	1.39216
6.8654	1.11765
6.8685	1.15686
6.8716	1.21569
6.87471	1.43137
6.87781	1.66667
6.88091	1.84314
6.88401	2.05882
6.88712	2.5098
6.89022	2.76471
6.89332	3
6.89642	2.94118
6.89953	2.86275
6.90263	2.7451
6.90573	2.92157
6.90883	3.29412
6.91193	3.39216
6.91504	3.19608
6.91814	3.01961
6.92124	3.21569
6.92434	3.45098
6.92745	3.7451
6.93055	3.56863
6.93365	3.2549
6.93675	2.82353
6.93986	2.31373
6.94296	2.05882
6.94606	1.96078
6.94916	1.90196
6.95226	1.96078
6.95537	1.7451
6.95848	1.43137
6.96159	1.19608
6.96471	1.27451
6.96782	1.4902
6.97093	1.78431
6.97404	1.54902
6.97716	1.05882
6.98027	0.568627
6.98338	0.686275
6.9865	0.901961
6.98961	1.03922
6.99272	0.764706
6.99583	0.431373
6.99895	0.176471
7.00206	0.27451
7.00517	0.843137
7.00828	1.39216
7.0114	1.82353
7.01451	1.96078
7.01762	1.88235
7.02074	1.7451
7.02385	1.78431
7.02696	1.96078
7.03007	2.2549
7.03319	2.56863
7.0363	2.62745
7.03941	2.64706
7.04253	2.76471
7.04564	3.19608
7.04875	3.82353
7.05186	4.4902
7.05498	4.82353
7.05809	4.92157
7.0612	4.98039
7.06431	4.88235
7.06743	4.86275
7.07054	4.76471
7.07365	4.62745
7.07677	4.41176
7.07988	4.19608
7.08299	3.82353
7.0861	3.5098
7.08922	3
7.09233	2.37255
7.09544	1.82353
7.09856	0.509804
7.10167	0
7.10478	0
7.10789	0.196078
7.11101	0.490196
7.11412	0.568627
7.11723	0.117647
7.12035	0
7.12346	0
7.12657	0
7.12968	0
7.1328	0
7.13591	0.0392157
7.13902	0.117647
7.14213	0.196078
7.14525	0.215686
7.14836	0
7.15147	0
7.15459	0.0196078
7.1577	0.568627
7.16081	1.21569
7.16392	1.70588
7.16704	1.7451
7.17015	1.5098
7.17326	0.941176
7.17638	0.490196
7.17949	0.294118
7.1826	0.333333
7.18571	0.313726
7.18883	0.803922
7.19194	1.11765
7.19505	1.27451
7.19816	0.921569
7.20128	0.72549
7.20439	0.431373
7.2075	0.72549
7.21062	1.17647
7.21373	1.98039
7.21684	3.05882
7.21995	4.01961
7.22307	4.17647
7.22618	4.23529
7.22929	4.03922
7.23241	3.23529
7.23552	3.70588
7.23863	4.64706
7.24174	4.98039
7.24486	4.98039
7.24797	4.98039
7.25108	4.98039
7.2542	4.98039
7.25731	4.98039
7.26042	4.98039
7.26353	4.98039
7.26665	4.98039
7.26976	5
7.27284	5
7.27591	5
7.27899	4.98039
7.28207	4.98039
7.28515	4.98039
7.28822	4.98039
7.2913	4.98039
7.29438	5
7.29746	5
7.30053	5
7.30361	4.98039
7.30669	5
7.30977	5
7.31284	5
7.31592	4.98039
7.319	5
7.32208	5
7.32515	5
7.32823	5
7.33131	5
7.33439	5
7.33746	5
7.34054	5
7.34362	4.98039
7.3467	3.47059
7.34977	0.372549
7.35285	0
7.35593	0
7.35901	0
7.36208	0
7.36516	0
7.36824	0
7.37132	0
7.37439	0
7.37747	0
7.38055	0
7.38363	0
7.3867	0
7.38978	0
7.39286	0
7.39594	0
7.39901	0
7.40209	0
7.40517	0
7.40825	0
7.41132	0
7.4144	0
7.41748	0
7.42056	0
7.42363	0
7.42671	0
7.42979	0
7.43287	0
7.43594	0
7.43902	0
7.4421	0
7.44518	0
7.44825	0.0980392
7.45133	0
7.45441	0
7.45749	0
7.46056	0.0588235
7.46364	0.529412
7.46672	1.09804
7.4698	1.41176
7.47287	1.45098
7.47595	1.62745
7.47903	1.80392
7.48211	1.58824
7.48518	1.76471
7.48826	2.17647
7.49134	2.64706
7.49442	2.94118
7.49749	3.03922
7.50057	2.98039
7.50365	2.80392
7.50673	2.41176
7.5098	1.98039
7.51288	1.94118
7.51596	2
7.51904	2.41176
7.52211	2.96078
7.52519	3.35294
7.52827	3.43137
7.53135	3.11765
7.53442	2.58824
7.5375	2.31373
7.54058	2.4902
7.54366	2.7451
7.54673	2.88235
7.54981	2.62745
7.55289	2.37255
7.55597	1.96078
7.55904	1.94118
7.56212	2.31373
7.5652	2.72549
7.56828	2.86275
7.57135	2.88235
7.57443	2.96078
7.57751	3.09804
7.58059	3.35294
7.58366	3.5098
7.58675	3.62745
7.58984	3.76471
7.59292	3.92157
7.59601	3.84314
7.59909	3.84314
7.60218	3.96078
7.60526	4.09804
7.60835	4.21569
7.61143	4.07843
7.61452	3.76471
7.6176	3.31373
7.62069	3.21569
7.62377	3.31373
7.62686	3.70588
7.62994	3.98039
7.63303	3.92157
7.63611	3.68627
7.6392	3.56863
7.64228	4.27451
7.64537	4.82353
7.64845	4.82353
7.65154	4.45098
7.65462	4.35294
7.65771	4.35294
7.66079	4.27451
7.66388	4.43137
7.66696	4.03922
7.67005	3.43137
7.67313	3.21569
7.67622	3.37255
7.6793	3.80392
7.68239	4.05882
7.68547	4.15686
7.68856	4
7.69164	3.64706
7.69473	3.33333
7.69781	3.33333
7.7009	3.68627
7.70399	4.11765
7.70707	4.7451
7.71016	4.62745
7.71324	4.29412
7.71633	4.01961
7.71941	3.45098
7.7225	3.47059
7.72558	3.35294
7.72867	3.09804
7.73175	3.21569
7.73484	3.54902
7.73792	3.88235
7.74101	3.84314
7.74409	3.7451
7.74718	3.37255
7.75026	1.90196
7.75335	1.41176
7.75643	1.43137
7.75952	1.39216
7.7626	0.823529
7.76569	0
7.76877	0
7.77186	0
7.77494	0.490196
7.77803	1.27451
7.78111	1.72549
7.7842	2.07843
7.78728	2.31373
7.79037	2.62745
7.79345	3.58824
7.79654	4.21569
7.79962	4.62745
7.80271	4.7451
7.80579	4.56863
7.80888	4.27451
7.81196	4.13725
7.81505	4.84314
7.81814	4.98039
7.82122	4.98039
7.82431	4.98039
7.82739	4.98039
7.83048	4.98039
7.83356	4.98039
7.83665	4.98039
7.83973	4.98039
7.84282	4.92157
7.8459	4.45098
7.84899	4.2549
7.85207	4.31373
7.85516	4.47059
7.85824	4.4902
7.86133	4.35294
7.86441	4.07843
7.8675	3.82353
7.87058	3.70588
7.87367	3.78431
7.87675	3.88235
7.87984	3.11765
7.88292	2.33333
7.88601	1.62745
7.88909	1.39216
7.89218	1.54902
7.89526	1.4902
7.89839	1.43137
7.90151	1.09804
7.90464	0.745098
7.90776	0.588235
7.91088	0.705882
7.91401	0.921569
7.91713	1.15686
7.92026	1.13725
7.92338	0.941176
7.92651	0.803922
7.92963	0.784314
7.93275	1
7.93588	1.29412
7.939	1.54902
7.94213	1.56863
7.94525	1.31373
7.94838	1.07843
7.9515	1.19608
7.95462	1.58824
7.95775	2.05882
7.96087	2.45098
7.964	2.66667
7.96712	2.98039
7.97025	3.52941
7.97337	4.45098
7.97649	4.98039
7.97962	4.98039
7.98274	4.98039
7.98587	4.66667
7.98899	4.2549
7.99212	4.17647
7.99524	4.33333
7.99836	4.4902
8.00149	4.47059
8.00461	4.17647
8.00774	3.72549
8.01086	3.29412
8.01398	3.29412
8.01711	3.52941
8.02023	3.66667
8.02336	3.60784
8.02648	3.37255
8.02961	3.01961
8.03273	2.92157
8.03585	3.19608
8.03898	3.54902
8.0421	3.80392
8.04523	3.80392
8.04835	3.47059
8.05148	3.15686
8.0546	3.13725
8.05772	3.35294
8.06085	3.64706
8.06397	3.72549
8.0671	3.54902
8.07022	3.23529
8.07335	2.92157
8.07647	2.98039
8.07959	3.2549
8.08272	3.4902
8.08584	3.52941
8.08897	3.33333
8.09209	2.96078
8.09521	2.78431
8.09834	2.86275
8.10146	3.09804
8.10459	3.23529
8.10771	3.13725
8.11084	2.76471
8.11396	2.35294
8.11708	2.21569
8.12021	2.35294
8.12333	2.5098
8.12646	2.52941
8.12958	2.33333
8.13271	1.98039
8.13583	1.7451
8.13895	1.78431
8.14208	2.03922
8.1452	2.27451
8.14833	2
8.15145	1.62745
8.15458	1.4902
8.1577	1.68627
8.16082	2
8.16395	2.13725
8.16707	2.01961
8.1702	1.72549
8.17332	1.39216
8.17645	1.35294
8.17957	1.54902
8.18269	1.70588
8.18582	1.7451
8.18894	1.19608
8.19207	0.72549
8.19519	0.588235
8.19831	0.627451
8.20144	0.45098
8.20456	0
8.20769	0
8.21081	0.0196078
8.21387	0.54902
8.21694	1.23529
8.22	1.82353
8.22306	2.15686
8.22613	2.19608
8.22919	1.98039
8.23225	1.78431
8.23532	2.13725
8.23838	2.5098
8.24144	2.64706
8.24451	2.45098
8.24757	2.09804
8.25063	1.86275
8.2537	2
8.25676	2.33333
8.25982	2.60784
8.26289	2.60784
8.26595	2.37255
8.26901	2.03922
8.27208	1.84314
8.27514	2.45098
8.2782	2.72549
8.28127	2.72549
8.28433	2.52941
8.28739	2.17647
8.29045	2.09804
8.29352	2.37255
8.29658	2.76471
8.29964	2.94118
8.30271	2.86275
8.30577	2.60784
8.30883	2.56863
8.3119	2.82353
8.31496	3.19608
8.31802	3.56863
8.32109	3.43137
8.32415	3.31373
8.32721	3.33333
8.33028	3.58824
8.33334	3.82353
8.3364	4
8.33947	3.94118
8.34253	3.70588
8.34559	3.37255
8.34866	3.29412
8.35172	3.41176
8.35478	3.54902
8.35785	3.56863
8.36091	2.94118
8.36397	2.64706
8.36703	2.52941
8.3701	2.70588
8.37316	2.78431
8.37622	2.52941
8.37929	2.13725
8.38235	1.60784
8.38541	1.2549
8.38848	1.19608
8.39154	1.29412
8.3946	1.33333
8.39767	1.27451
8.40073	1.17647
8.40379	0.823529
8.40686	0.647059
8.40992	0.843137
8.41298	1.2549
8.41605	1.66667
8.41911	1.94118
8.42217	2.03922
8.42524	2.17647
8.4283	2.58824
8.43136	3.2549
8.43443	3.92157
8.43749	4.39216
8.44055	4.47059
8.44361	4.52941
8.44668	4.43137
8.44974	4.29412
8.4528	4.23529
8.45587	4.09804
8.45893	3.60784
8.46199	3
8.46506	2.45098
8.46812	2.33333
8.47118	2.54902
8.47425	2.98039
8.47731	3.58824
8.48037	4.43137
8.48344	4.98039
8.4865	4.98039
8.48956	5
8.49263	5
8.49569	4.98039
8.49875	4.98039
8.50182	4.78431
8.50488	4.29412
8.50794	3.92157
8.51101	3.84314
8.51407	3.80392
8.51713	3.78431
8.5202	3.66667
8.52327	3.33333
8.52634	2.90196
8.52941	2.70588
8.53249	2.62745
8.53556	2.31373
8.53863	1.96078
8.5417	1.58824
8.54478	1.33333
8.54785	1.13725
8.55092	1.35294
8.554	1.76471
8.55707	2.09804
8.56014	2.41176
8.56321	1.86275
8.56629	1.64706
8.56936	2.2549
8.57243	3.21569
8.5755	3.4902
8.57858	3.07843
8.58165	2.4902
8.58472	2
8.5878	1.66667
8.59087	1.90196
8.59394	3.37255
8.59701	4.98039
8.60009	4.98039
8.60316	4.98039
8.60623	4.98039
8.6093	4.98039
8.61238	4.98039
8.61545	5
8.61852	5
8.6216	4.98039
8.62467	5
8.62774	5
8.63081	5
8.63389	5
8.63696	5
8.64003	5
8.6431	5
8.64618	5
8.64925	5
8.65232	4.98039
8.6554	4.5098
8.65847	2.27451
8.66154	0.0392157
8.66461	0.137255
8.66769	0.960784
8.67076	0.588235
8.67383	0.784314
8.6769	2.45098
8.67998	4.78431
8.68305	4.98039
8.68612	4.98039
8.6892	4.88235
8.69227	3.7451
8.69534	2.45098
8.69841	1.70588
8.70149	1.80392
8.70456	1.82353
8.70763	1.33333
8.7107	0
8.71378	0
8.71685	0
8.71992	0
8.723	0
8.72607	0
8.72914	0
8.73221	0
8.73529	0
8.73836	0
8.74143	0
8.7445	0
8.74758	0
8.75065	0
8.75372	0
8.7568	0
8.75987	0
8.76294	0
8.76601	0
8.76909	0
8.77216	0
8.77523	0
8.77831	0
8.78138	0
8.78445	0
8.78752	0
8.7906	0
8.79367	0
8.79674	0
8.79981	0
8.80289	0
8.80596	0
8.80903	0
8.81211	0
8.81518	0.27451
8.81825	0
8.82132	0
8.8244	0
8.82747	0
8.83054	0.196078
8.83364	0.235294
8.83674	0.333333
8.83984	0.0588235
8.84294	0.352941
8.84603	0.862745
8.84913	1.37255
8.85223	1.4902
8.85533	1.39216
8.85843	1.19608
8.86153	1.33333
8.86462	1.54902
8.86772	1.86275
8.87082	2.03922
8.87392	1.94118
8.87702	1.88235
8.88012	2.11765
8.88322	2.66667
8.88631	2.76471
8.88941	2.76471
8.89251	2.96078
8.89561	3.15686
8.89871	3.39216
8.90181	4
8.90491	4.94118
8.908	4.98039
8.9111	4.98039
8.9142	5
8.9173	5
8.9204	4.98039
8.9235	5
8.92659	5
8.92969	5
8.93279	5
8.93589	5
8.93899	5
8.94209	5
8.94519	5
8.94828	5
8.95138	5
8.95448	5
8.95758	4.98039
8.96068	3.88235
8.96378	0.764706
8.96688	0
8.96997	0
8.97307	0
8.97617	0
8.97927	0
8.98237	0
8.98547	0
8.98856	0
8.99166	0
8.99476	0
8.99786	0.941176
9.00096	3.68627
9.00406	5
9.00716	5
9.01025	5
9.01335	5
9.01645	5
9.01955	5
9.02265	4.98039
9.02575	4.58824
9.02884	3.23529
9.03194	1.82353
9.03504	0.843137
9.03814	0
9.04124	0
9.04434	0
9.04744	0
9.05053	0
9.05363	0.745098
9.05673	1.15686
9.05983	1.78431
9.06293	2.31373
9.06603	3.03922
9.06913	2.68627
9.07222	0.941176
9.07532	0
9.07842	0
9.08152	0
9.08462	0
9.08772	0
9.09081	0
9.09391	0
9.09701	0
9.10011	0
9.10321	0
9.10631	0.392157
9.10941	0.54902
9.1125	0.215686
9.1156	0.372549
9.1187	0.960784
9.1218	0.627451
9.1249	0.627451
9.128	0.862745
9.13109	0.568627
9.13419	0
9.13729	0
9.14039	0
9.14349	0
9.14658	0
9.14967	0
9.15276	0
9.15585	0
9.15894	0
9.16203	0
9.16512	0
9.16822	0
9.17131	0
9.1744	0
9.17749	0
9.18058	0.509804
9.18367	4.35294
9.18676	5
9.18985	5
9.19294	5
9.19603	5
9.19912	5
9.20222	5
9.20531	5
9.2084	5
9.21149	5
9.21458	4.98039
9.21767	4.01961
9.22076	1.07843
9.22385	0
9.22694	0.0980392
9.23003	1.98039
9.23312	3.01961
9.23621	3.23529
9.23931	2.62745
9.2424	0.27451
9.24549	0
9.24858	0
9.25167	0
9.25476	0
9.25785	0.0784314
9.26094	1.21569
9.26403	2.01961
9.26712	2.15686
9.27021	0
9.2733	0
9.2764	0
9.27949	0
9.28258	0
9.28567	0
9.28876	0
9.29185	0
9.29494	0
9.29803	0
9.30112	0
9.30421	0
9.3073	0
9.3104	0
9.31349	0
9.31658	0
9.31967	0.0588235
9.32276	0.0980392
9.32585	0
9.32894	0.0588235
9.33203	0.156863
9.33512	0.627451
9.33821	1.45098
9.3413	2.37255
9.34439	3
9.34749	3.47059
9.35058	3.84314
9.35367	4.33333
9.35676	4.88235
9.35985	4.98039
9.36294	4.98039
9.36603	4.98039
9.36912	4.98039
9.37221	4.98039
9.3753	4.98039
9.37839	5
9.38148	4.98039
9.38458	4.98039
9.38767	4.98039
9.39076	4.98039
9.39385	4.98039
9.39694	4.98039
9.40003	4.98039
9.40312	4.98039
9.40621	4.98039
9.4093	4.98039
9.41239	4.98039
9.41548	4.98039
9.41858	4.98039
9.42167	4.98039
9.42476	4.98039
9.42785	4.98039
9.43094	4.92157
9.43403	4.92157
9.43712	4.98039
9.44021	4.98039
9.4433	4.84314
9.44639	4.41176
9.44948	3.4902
9.45257	2.86275
9.45567	2.5098
9.45875	2.4902
9.46184	2.41176
9.46492	2.2549
9.46801	1.84314
9.4711	1.31373
9.47418	0.921569
9.47727	0.862745
9.48035	0.764706
9.48344	0.45098
9.48653	0.588235
9.48961	0.666667
9.4927	0.745098
9.49578	0.607843
9.49887	0.764706
9.50196	1.05882
9.50504	1.01961
9.50813	0.901961
9.51122	0.941176
9.5143	1.19608
9.51739	1.4902
9.52047	1.90196
9.52356	2.41176
9.52665	3
9.52973	3.4902
9.53282	3.43137
9.5359	3.68627
9.53899	3.82353
9.54208	3.94118
9.54516	3.80392
9.54825	3.47059
9.55133	3.31373
9.55442	3.03922
9.55751	2.96078
9.56059	3.01961
9.56368	3.11765
9.56676	3.15686
9.56985	2.84314
9.57294	2.37255
9.57602	2.60784
9.57911	2.86275
9.5822	2.54902
9.58528	2.11765
9.58837	1.66667
9.59145	1.39216
9.59454	1.37255
9.59763	1.35294
9.60071	1.23529
9.6038	1.11765
9.60688	0.823529
9.60997	0.568627
9.61306	0.607843
9.61614	1.13725
9.61923	1.31373
9.62231	1.62745
9.6254	1.60784
9.62849	1.60784
9.63157	1.5098
9.63466	1.4902
9.63774	1.86275
9.64083	2.15686
9.64392	2.29412
9.647	2.37255
9.65009	2.45098
9.65318	2.7451
9.65626	3.19608
9.65935	3.62745
9.66243	3.60784
9.66552	3.4902
9.66861	3.68627
9.67169	4.19608
9.67478	4.62745
9.67786	4.96078
9.68095	4.98039
9.68404	4.70588
9.68712	4.45098
9.69021	4.47059
9.69329	4.70588
9.69638	4.76471
9.69947	4.60784
9.70255	4.17647
9.70564	4.19608
9.70872	4.39216
9.71181	4.52941
9.7149	4.62745
9.71798	4.56863
9.72107	4.31373
9.72416	4.01961
9.72724	3.82353
9.73033	3.84314
9.73341	4
9.7365	4.03922
9.73959	3.84314
9.74267	3.47059
9.74576	3.17647
9.74884	3.35294
9.75193	3.4902
9.75502	3.45098
9.7581	3.15686
9.76119	2.70588
9.76427	2.37255
9.76736	2.35294
9.77046	2.54902
9.77357	2.58824
9.77667	2.37255
9.77978	1.80392
9.78288	1.35294
9.78599	1.13725
9.78909	1.2549
9.79219	1.45098
9.7953	1.56863
9.7984	1.45098
9.80151	1.09804
9.80461	0.901961
9.80772	1.07843
9.81082	1.5098
9.81392	1.80392
9.81703	1.96078
9.82013	1.96078
9.82324	1.90196
9.82634	1.88235
9.82944	2.15686
9.83255	2.62745
9.83565	2.88235
9.83876	2.90196
9.84186	2.68627
9.84497	2.5098
9.84807	2.52941
9.85117	2.80392
9.85428	3.09804
9.85738	3.29412
9.86049	3.17647
9.86359	2.80392
9.8667	2.64706
9.8698	2.90196
9.8729	3.39216
9.87601	3.78431
9.87911	3.98039
9.88222	3.88235
9.88532	3.78431
9.88842	3.84314
9.89153	4.27451
9.89463	4.7451
9.89774	4.98039
9.90084	4.90196
9.90395	4.5098
9.90705	4
9.91015	3.96078
9.91326	4.27451
9.91636	4.52941
9.91947	4.56863
9.92257	4.2549
9.92568	3.78431
9.92878	3.37255
9.93188	3.23529
9.93499	3.31373
9.93809	3.31373
9.9412	3.07843
9.9443	2.66667
9.9474	2.2549
9.95051	2.05882
9.95361	2.21569
9.95672	2.4902
9.95982	2.66667
9.96293	2.54902
9.96603	2.43137
9.96913	2.58824
9.97224	3.03922
9.97534	3.47059
9.97845	3.72549
9.98155	3.84314
9.98466	3.88235
9.98776	4
9.99086	4.39216
9.99397	4.90196
9.99707	4.98039
10.0002	4.98039
10.0033	4.98039
10.0064	4.96078
10.0095	4.98039
10.0126	4.98039
10.0157	4.98039
10.0188	4.86275
10.0219	4.27451
10.025	3.54902
10.0281	3.19608
10.0312	3.27451
10.0343	3.37255
10.0374	3.11765
10.0405	2.56863
10.0436	1.92157
10.0467	1.45098
10.0498	1.23529
10.0529	1.15686
10.0561	0.901961
10.0592	0.392157
10.0623	0
10.0654	0
10.0685	0.0196078
10.0716	0.215686
10.0747	0.431373
10.0778	0.372549
10.0809	0.117647
10.084	0.0196078
10.0871	0.0980392
10.0901	0.431373
10.0932	0.960784
10.0963	0.862745
10.0994	0.529412
10.1025	0.294118
10.1055	0.196078
10.1086	0.294118
10.1117	0.607843
10.1148	1.01961
10.1179	1.2549
10.1209	1.45098
10.124	1.43137
10.1271	1.72549
10.1302	1.98039
10.1332	2.05882
10.1363	1.58824
10.1394	1.23529
10.1425	1.11765
10.1456	1.33333
10.1486	1.54902
10.1517	1.70588
10.1548	1.70588
10.1579	1.66667
10.161	1.70588
10.164	1.98039
10.1671	2.41176
10.1702	2.70588
10.1733	2.84314
10.1763	2.66667
10.1794	2.37255
10.1825	2.5098
10.1856	2.58824
10.1887	2.72549
10.1917	2.84314
10.1948	2.82353
10.1979	2.90196
10.201	3.11765
10.2041	3.60784
10.2071	4.13725
10.2102	4.47059
10.2133	4.62745
10.2164	4.56863
10.2194	4.54902
10.2225	4.98039
10.2256	4.98039
10.2287	4.98039
10.2318	4.98039
10.2348	4.98039
10.2379	4.98039
10.241	4.98039
10.2441	5
10.2471	5
10.2502	5
10.2533	5
10.2564	5
10.2595	5
10.2625	5
10.2656	5
10.2687	5
10.2718	5
10.2749	5
10.2779	5
10.281	4.94118
10.2841	3.41176
10.2872	1.78431
10.2902	0.117647
10.2933	0
10.2964	0
10.2995	0
10.3026	0
10.3056	0
10.3087	0
10.3118	0
10.3149	0
10.318	0
10.321	0
10.3241	0
10.3272	0
10.3303	0
10.3333	0
10.3364	0
10.3395	0
10.3426	0
10.3457	0
10.3487	0
10.3518	0
10.3549	0
10.358	0
10.3611	0
10.3641	0
10.3672	0
10.3703	0
10.3734	0
10.3764	0
10.3795	0
10.3826	1.41176
10.3857	0
10.3888	0
10.3918	0
10.3949	0
10.398	0.470588
10.4011	1.58824
10.4042	2.84314
10.4072	4.17647
10.4103	4.92157
10.4134	5
10.4165	4.98039
10.4196	4.98039
10.4226	4.98039
10.4257	4.98039
10.4288	5
10.4319	5
10.435	4.98039
10.438	4.98039
10.4411	4.90196
10.4442	4.47059
10.4473	4.07843
10.4504	3.94118
10.4534	3.62745
10.4565	3.15686
10.4596	2.33333
10.4627	1.70588
10.4658	1.41176
10.4688	1.13725
10.4719	0.901961
10.475	0.313726
10.4781	0
10.4812	0
10.4842	0
10.4873	0
10.4904	0
10.4935	0
10.4966	0
10.4996	0
10.5027	0
10.5058	0
10.5089	0
10.512	0
10.515	0.45098
10.5181	0.352941
10.5212	0.372549
10.5243	0.960784
10.5274	0.764706
10.5305	1.05882
10.5335	2.05882
10.5366	2.05882
10.5397	2.41176
10.5428	2.88235
10.5459	3.35294
10.5489	3.86275
10.552	4.17647
10.5551	3.72549
10.5582	3.01961
10.5613	3.70588
10.5643	5
10.5674	4.98039
10.5705	4.98039
10.5736	4.98039
10.5767	4.98039
10.5797	4.98039
10.5828	4.98039
10.5859	4.86275
10.589	4.52941
10.5921	4.4902
10.5951	4.5098
10.5982	4.72549
10.6013	4.98039
10.6044	4.98039
10.6075	4.4902
10.6105	2.72549
10.6136	1.78431
10.6167	1.2549
10.6198	0.803922
10.6229	0.666667
10.6259	0.45098
10.629	0
10.6321	0
10.6352	0
10.6383	0
10.6413	0
10.6444	0
10.6475	0
10.6506	0.27451
10.6537	0.745098
10.6567	0.72549
10.6598	0.803922
10.6629	1.7451
10.666	2.11765
10.6691	2.35294
10.6721	3.47059
10.6752	4.41176
10.6783	4.98039
10.6814	4.98039
10.6845	4.98039
10.6875	4.98039
10.6906	4.98039
10.6937	4.98039
10.6968	4.98039
10.6999	4.94118
10.703	4.31373
10.706	3.56863
10.7092	3.33333
10.7123	3.76471
10.7154	3.98039
10.7185	3.58824
10.7216	2.78431
10.7248	1.68627
10.7279	1.21569
10.731	1.5098
10.7341	2.21569
10.7373	2.64706
10.7404	2.33333
10.7435	1.88235
10.7466	1.5098
10.7497	0.980392
10.7529	1.09804
10.756	1.98039
10.7591	3.01961
10.7622	3.2549
10.7654	2.52941
10.7685	1.33333
10.7716	0.901961
10.7747	1.4902
10.7778	2.15686
10.781	3
10.7841	2.4902
10.7872	1.54902
10.7903	0.745098
10.7935	0.568627
10.7966	0.941176
10.7997	1.21569
10.8028	1.05882
10.8059	0.588235
10.8091	0.45098
10.8122	0.215686
10.8153	0.431373
10.8184	0.823529
10.8216	1.13725
10.8247	1.45098
10.8278	1.56863
10.8309	1.80392
10.834	1.72549
10.8372	1.82353
10.8403	2.05882
10.8434	2.15686
10.8465	1.88235
10.8497	1.39216
10.8528	0.960784
10.8559	0.960784
10.859	1.19608
10.8621	1.19608
10.8653	0.960784
10.8684	0.509804
10.8715	0.431373
10.8746	0.745098
10.8778	1.19608
10.8809	1.56863
10.884	1.7451
10.8871	1.80392
10.8902	2.76471
10.8934	2.7451
10.8965	2.56863
10.8996	2.96078
10.9027	3.41176
10.9059	3.15686
10.909	2.43137
10.9121	1.60784
10.9152	1.66667
10.9184	1.72549
10.9215	2.62745
10.9246	2.31373
10.9277	1.86275
10.9308	1.19608
10.934	0.607843
10.9371	0.627451
10.9402	0.392157
10.9433	0
10.9465	0
10.9496	0
10.9527	0
10.9558	0
10.9589	0
10.9621	0
10.9652	0
10.9683	0
10.9714	0
10.9746	0.607843
10.9777	2.13725
10.9808	3.76471
10.9839	4.70588
10.987	5
10.9902	4.39216
10.9933	3.84314
10.9964	4
10.9995	4.35294
11.0027	3.37255
11.0058	1.60784
11.0089	0.745098
11.012	1.4902
11.0151	2.84314
11.0183	4.39216
11.0214	4.98039
11.0245	4.98039
11.0276	4.94118
11.0307	4.84314
11.0338	4.98039
11.0369	4.41176
11.0399	1.07843
11.043	0.117647
11.0461	4.98039
11.0492	5
11.0523	5
11.0554	4.98039
11.0585	4.98039
11.0616	4.98039
11.0646	4.56863
11.0677	3.5098
11.0708	2.66667
11.0739	2.15686
11.077	1.90196
11.0801	1.41176
11.0832	0.568627
11.0863	0
11.0893	0
11.0924	0
11.0955	0
11.0986	0
11.1017	0
11.1048	0
11.1079	0
11.1109	0
11.114	0
11.1171	0
11.1202	0
11.1233	0
11.1264	0
11.1295	0
11.1326	0.294118
11.1356	0.803922
11.1387	0.960784
11.1418	0.686275
11.1449	0.529412
11.148	0.823529
11.1511	1.4902
11.1542	2.19608
11.1573	2.58824
11.1603	2.39216
11.1634	2
11.1665	1.70588
11.1696	2.03922
11.1727	2.64706
11.1758	3.31373
11.1789	2.86275
11.1819	2.15686
11.185	1.78431
11.1881	2.03922
11.1912	2.70588
11.1943	3.19608
11.1974	3.03922
11.2005	2.23529
11.2036	1.41176
11.2066	1.17647
11.2097	1.54902
11.2128	2.58824
11.2159	3.31373
11.219	3.41176
11.2221	2.96078
11.2252	2.39216
11.2283	2.70588
11.2313	3.52941
11.2344	4.29412
11.2375	4.7451
11.2406	4.43137
11.2437	3.68627
11.2468	3.35294
11.2499	3.68627
11.253	4.5098
11.256	4.98039
11.2591	4.98039
11.2622	4.58824
11.2653	4.03922
11.2684	3.98039
11.2715	4.4902
11.2746	4.98039
11.2776	4.98039
11.2807	4.98039
11.2838	4.82353
11.2869	4.33333
11.29	4.7451
11.2931	4.98039
11.2962	5
11.2993	4.98039
11.3023	4.98039
11.3054	4.84314
11.3085	4.68627
11.3116	4.98039
11.3147	5
11.3178	4.98039
11.3209	4.98039
11.324	4.76471
11.327	4.13725
11.3301	4.11765
11.3332	4.66667
11.3363	4.98039
11.3394	4.98039
11.3425	4.78431
11.3456	4.05882
11.3486	3.41176
11.3517	3.47059
11.3548	3.88235
11.3579	4.33333
11.361	4.37255
11.3641	3.7451
11.3672	2.88235
11.3702	2.4902
11.3733	2.70588
11.3764	3.05882
11.3795	3.37255
11.3826	3.21569
11.3857	2.47059
11.3887	1.64706
11.3918	1.86275
11.3949	2.41176
11.398	2.5098
11.4011	2.07843
11.4042	1.43137
11.4073	0.980392
11.4103	1.21569
11.4134	1.7451
11.4165	2.19608
11.4196	2.2549
11.4227	1.80392
11.4258	1.27451
11.4289	1.03922
11.4319	1.4902
11.435	2.29412
11.4381	2
11.4412	1.37255
11.4443	0.882353
11.4474	1.05882
11.4505	1.47059
11.4535	1.90196
11.4566	2.03922
11.4597	1.78431
11.4628	1.23529
11.4659	0.745098
11.469	0.843137
11.472	1.17647
11.4751	1.33333
11.4782	0.254902
11.4813	0
11.4844	0
11.4875	0
11.4906	0
11.4936	0
11.4967	0
11.4998	0.196078
11.5029	1.82353
11.506	4.03922
11.5091	5
11.5122	5
11.5152	5
11.5183	4.98039
11.5214	4.98039
11.5245	4.98039
11.5276	4.98039
11.5307	4.98039
11.5337	4.5098
11.5368	3.62745
11.5399	2.84314
11.543	2.92157
11.5461	2.90196
11.5492	1.09804
11.5523	0.215686
11.5553	0
11.5584	0
11.5615	0
11.5646	0.156863
11.5677	0.607843
11.5708	1.47059
11.5739	2.54902
11.5769	3.94118
11.58	4.11765
11.5831	4.17647
11.5862	4.98039
11.5893	4.98039
11.5924	4.98039
11.5955	4.5098
11.5985	2.56863
11.6016	2.09804
11.6047	2.15686
11.6078	2.88235
11.6109	1.92157
11.614	1.09804
11.617	0.705882
11.6201	0.607843
11.6232	1
11.6263	1.27451
11.6294	1.39216
11.6325	1
11.6356	0.54902
11.6386	0.352941
11.6417	0.607843
11.6448	1.19608
11.6479	1.54902
11.651	1.41176
11.6541	0.627451
11.6572	0
11.6603	0
11.6634	0.0196078
11.6665	0.27451
11.6696	0.647059
11.6727	0.686275
11.6759	0.352941
11.679	0
11.6821	0
11.6852	0.333333
11.6883	0.764706
11.6914	0.901961
11.6945	0.490196
11.6976	0
11.7007	0
11.7038	0
11.7069	0.0784314
11.7101	0.294118
11.7132	0.176471
11.7163	0
11.7194	0
11.7225	0.0980392
11.7256	0.509804
11.7287	1.52941
11.7318	2.15686
11.7349	2.19608
11.738	1.64706
11.7411	1.17647
11.7443	1.39216
11.7474	2.27451
11.7505	3.41176
11.7536	4.13725
11.7567	4.21569
11.7598	3.86275
11.7629	3.66667
11.766	4.07843
11.7691	4.84314
11.7722	4.98039
11.7753	4.98039
11.7785	4.4902
11.7816	3.43137
11.7847	2.72549
11.7878	2.98039
11.7909	3.94118
11.794	4.86275
11.7971	4.98039
11.8002	4.98039
11.8033	4.88235
11.8064	4.98039
11.8095	5
11.8127	5
11.8158	4.98039
11.8189	4.98039
11.822	4.98039
11.8251	4.98039
11.8282	4.98039
11.8313	4.98039
11.8344	4.98039
11.8375	4.98039
11.8406	4.47059
11.8437	3.94118
11.8469	4.45098
11.85	4.98039
11.8531	4.98039
11.8562	4.98039
11.8593	4.92157
11.8624	4.70588
11.8655	4.98039
11.8686	4.98039
11.8717	4.98039
11.8748	4.90196
11.8779	4.29412
11.881	3.7451
11.8842	3.7451
11.8873	4.31373
11.8904	4.88235
11.8935	4.98039
11.8966	4.82353
11.8997	4.29412
11.9028	3.96078
11.9059	4.31373
11.909	4.82353
11.9121	4.4902
11.9152	4.11765
11.9184	3.70588
11.9215	3.70588
11.9246	4.07843
11.9277	4.15686
11.9308	3.90196
11.9339	3.03922
11.937	2.47059
11.9401	2.29412
11.9432	2.52941
11.9463	2.92157
11.9494	3.27451
11.9526	3.47059
11.9557	2.60784
11.9588	2.35294
11.9619	2.52941
11.965	3
11.9681	3.45098
11.9712	3.60784
11.9743	3.56863
11.9774	3.19608
11.9805	2.96078
11.9836	3.11765
11.9867	3.07843
11.9898	2.68627
11.9929	2.5098
11.9959	2.37255
11.999	2.80392
12.0021	3.17647
12.0052	3.37255
12.0083	3.21569
12.0114	2.31373
12.0145	1.37255
12.0176	1.11765
12.0207	1.47059
12.0238	2.07843
12.0269	2.5098
12.03	2.47059
12.0331	1.90196
12.0362	1.29412
12.0393	1.01961
12.0424	1.27451
12.0455	1.43137
12.0486	1.15686
12.0517	0.784314
12.0548	0.803922
12.0579	1.37255
12.061	2.19608
12.0641	2.78431
12.0671	2.45098
12.0702	1.60784
12.0733	1.35294
12.0764	1.96078
12.0795	3.13725
12.0826	4.13725
12.0857	4.70588
12.0888	4.23529
12.0919	4.09804
12.095	3.92157
12.0981	4.56863
12.1012	4.56863
12.1043	4.56863
12.1074	4.84314
12.1105	4.56863
12.1136	3.90196
12.1167	3.76471
12.1198	3.56863
12.1229	3.35294
12.126	3.17647
12.1291	2.98039
12.1322	2.56863
12.1353	2.19608
12.1383	2.17647
12.1414	2.78431
12.1445	3.23529
12.1476	2.92157
12.1507	2.13725
12.1538	1.68627
12.1569	2.19608
12.16	3.4902
12.1631	4.33333
12.1662	4.13725
12.1693	3.29412
12.1724	2.07843
12.1755	0.588235
12.1786	0
12.1817	0
12.1848	0
12.1879	0
12.191	0
12.1941	0
12.1972	0
12.2003	0.333333
12.2034	1.03922
12.2065	1.94118
12.2095	2.54902
12.2126	2.58824
12.2157	2.47059
12.2188	3.15686
12.2219	4.01961
12.225	4.54902
12.2281	4.4902
12.2312	4.2549
12.2343	4.31373
12.2374	4.62745
12.2405	4.98039
12.2436	4.98039
12.2467	4.98039
12.2498	4.98039
12.2529	4.98039
12.256	4.98039
12.2591	4.62745
12.2622	4.01961
12.2653	3.92157
12.2684	4.41176
12.2715	4.82353
12.2746	4.70588
12.2776	4.01961
12.2807	3.88235
12.2838	4.58824
12.2869	4.98039
12.29	4.98039
12.293	4.98039
12.2961	5
12.2992	5
12.3023	5
12.3053	5
12.3084	5
12.3115	5
12.3146	5
12.3176	5
12.3207	5
12.3238	5
12.3269	5
12.3299	5
12.333	5
12.3361	5
12.3392	5
12.3422	5
12.3453	4.98039
12.3484	4.98039
12.3515	3.7451
12.3545	0.27451
12.3576	0
12.3607	0
12.3638	0
12.3668	0
12.3699	0
12.373	0
12.3761	0
12.3791	0
12.3822	0
12.3853	0
12.3884	0
12.3914	0
12.3945	0
12.3976	0
12.4007	0
12.4037	0
12.4068	0
12.4099	0
12.413	0
12.416	0
12.4191	0
12.4222	0
12.4253	0
12.4283	0
12.4314	0.0196078
12.4345	0.470588
12.4376	1.01961
12.4406	1.29412
12.4437	1.80392
12.4468	2.64706
12.4499	3.70588
12.4529	4.76471
12.456	4.98039
12.4591	5
12.4621	5
12.4652	5
12.4683	5
12.4714	5
12.4744	5
12.4775	5
12.4806	5
12.4837	5
12.4867	5
12.4898	5
12.4929	5
12.496	4.98039
12.499	4.98039
12.5021	4.56863
12.5052	3.90196
12.5083	3.2549
12.5113	2.4902
12.5144	2.03922
12.5175	1.2549
12.5206	0.254902
12.5236	0
12.5267	0
12.5298	0
12.5329	0
12.5359	0
12.539	0
12.5421	0
12.5452	0
12.5482	0
12.5513	0
12.5544	0
12.5575	0
12.5605	0.0196078
12.5636	0.372549
12.5667	1.11765
12.5698	1.62745
12.5728	1.90196
12.5759	2.05882
12.579	2.05882
12.5821	2.05882
12.5851	2.39216
12.5882	3.07843
12.5913	3.96078
12.5944	4.7451
12.5975	4.98039
12.6006	4.98039
12.6037	4.98039
12.6069	5
12.61	4.98039
12.6131	4.98039
12.6162	4.98039
12.6194	4.98039
12.6225	4.98039
12.6256	4.98039
12.6287	4.98039
12.6319	4.98039
12.635	4.98039
12.6381	4.98039
12.6412	4.45098
12.6443	4.31373
12.6475	4.37255
12.6506	4.21569
12.6537	4.11765
12.6568	3.82353
12.66	3.31373
12.6631	2.41176
12.6662	1.70588
12.6693	1.39216
12.6725	1.27451
12.6756	1.33333
12.6787	1.21569
12.6818	0.823529
12.685	0.294118
12.6881	0.254902
12.6912	0.686275
12.6943	1.09804
12.6975	1.37255
12.7006	1.17647
12.7037	0.745098
12.7068	0.392157
12.71	0.411765
12.7131	0.607843
12.7162	0.568627
12.7193	0.607843
12.7225	0.54902
12.7256	0.490196
12.7287	0.54902
12.7318	0.941176
12.735	1.62745
12.7381	2.27451
12.7412	2.41176
12.7443	2.15686
12.7474	2.2549
12.7506	2.62745
12.7537	3.21569
12.7568	3.62745
12.7599	3.98039
12.7631	4.05882
12.7662	3.86275
12.7693	3.47059
12.7724	3.5098
12.7756	3.88235
12.7787	4.05882
12.7818	3.43137
12.7849	2.66667
12.7881	2.13725
12.7912	2
12.7943	1.92157
12.7974	1.4902
12.8006	0.745098
12.8037	0
12.8068	0
12.8099	0
12.8131	0
12.8162	0
12.8193	0
12.8224	0
12.8256	0
12.8287	0
12.8318	0
12.8349	0
12.838	0
12.8412	0
12.8443	0
12.8474	0
12.8505	0
12.8537	0.156863
12.8568	0.27451
12.8599	0.0784314
12.863	0
12.8662	0
12.8693	0.176471
12.8724	0.490196
12.8755	0.72549
12.8787	0.72549
12.8818	0.705882
12.8849	0.862745
12.888	1.45098
12.8912	2.21569
12.8943	2.90196
12.8974	3.29412
12.9005	3.47059
12.9037	3.64706
12.9068	4.03922
12.9099	4.98039
12.913	4.98039
12.9161	5
12.9192	5
12.9223	5
12.9254	5
12.9285	5
12.9316	5
12.9347	5
12.9378	5
12.9409	5
12.944	5
12.9471	5
12.9502	5
12.9533	5
12.9564	5
12.9595	5
12.9626	5
12.9657	4.98039
12.9689	4.82353
12.972	3.45098
12.9751	1.62745
12.9782	0.0392157
12.9813	0
12.9844	0
12.9875	0.0196078
12.9906	0.0196078
12.9937	0
12.9968	0
12.9999	0
13.003	0
13.0061	0
13.0092	0
13.0123	0
13.0154	0.0588235
13.0185	0.705882
13.0216	1.45098
13.0247	1.90196
13.0278	2.15686
13.0309	2.27451
13.034	2.13725
13.0371	1.94118
13.0402	1.88235
13.0433	1.90196
13.0464	1.80392
13.0495	1.4902
13.0526	0.666667
13.0557	0
13.0588	0
13.0619	0
13.065	0
13.0681	0
13.0712	0
13.0743	0
13.0774	0
13.0805	0
13.0836	0
13.0867	0
13.0898	0
13.0929	0
13.096	0
13.0991	0
13.1023	0
13.1054	0
13.1085	0
13.1116	0
13.1147	0
13.1178	0
13.1209	0
13.124	0
13.1271	0
13.1302	0
13.1333	0
13.1364	0
13.1395	0
13.1426	0
13.1457	0
13.1488	0
13.1519	0
13.155	0.235294
13.1581	0.588235
13.1612	1.13725
13.1643	2.05882
13.1674	3.27451
13.1705	4.4902
13.1736	4.98039
13.1767	4.98039
13.1798	4.96078
13.1829	4.47059
13.186	3.96078
13.1891	3.72549
13.1922	3.60784
13.1953	3.39216
13.1984	2.86275
13.2015	2.11765
13.2046	1.41176
13.2077	1.01961
13.2108	1.13725
13.2139	1.35294
13.217	1.43137
13.2201	1.37255
13.2232	1.17647
13.2263	1.09804
13.2294	1.35294
13.2325	1.88235
13.2355	2.56863
13.2386	2.62745
13.2416	2.31373
13.2447	1.82353
13.2477	1.60784
13.2508	1.82353
13.2539	2
13.2569	2
13.26	1.54902
13.263	1.86275
13.2661	2.33333
13.2691	3
13.2722	4.27451
13.2753	4.86275
13.2783	4.98039
13.2814	4.98039
13.2844	4.98039
13.2875	4.98039
13.2906	4.98039
13.2936	4.98039
13.2967	5
13.2997	4.98039
13.3028	4.98039
13.3058	4.98039
13.3089	4.98039
13.312	4.98039
13.315	5
13.3181	4.98039
13.3211	4.98039
13.3242	4.98039
13.3272	5
13.3303	5
13.3334	5
13.3364	5
13.3395	4.98039
13.3425	4.98039
13.3456	5
13.3486	5
13.3517	4.98039
13.3548	4.98039
13.3578	4.98039
13.3609	4.72549
13.3639	4.98039
13.367	4.98039
13.37	5
13.3731	4.98039
13.3762	4.98039
13.3792	4.98039
13.3823	4.90196
13.3853	4.98039
13.3884	4.98039
13.3914	4.98039
13.3945	5
13.3976	4.98039
13.4006	4.98039
13.4037	4.98039
13.4067	5
13.4098	5
13.4128	4.98039
13.4159	4.98039
13.419	4.98039
13.422	4.98039
13.4251	4.98039
13.4281	4.98039
13.4312	4.98039
13.4343	4.98039
13.4373	4.98039
13.4404	4.98039
13.4434	4.98039
13.4465	4.98039
13.4495	4.98039
13.4526	4.98039
13.4557	4.98039
13.4587	5
13.4618	4.98039
13.4648	4.98039
13.4679	5
13.4709	5
13.474	4.98039
13.4771	5
13.4801	4.98039
13.4832	5
13.4862	5
13.4893	4.98039
13.4923	4.98039
13.4954	4.98039
13.4985	4.98039
13.5015	4.98039
13.5046	4.98039
13.5076	4.98039
13.5107	4.96078
13.5137	4.78431
13.5168	4.98039
13.5199	4.98039
13.5229	5
13.526	4.98039
13.529	4.98039
13.5321	4.98039
13.5351	4.80392
13.5383	4.60784
13.5414	4.70588
13.5445	4.68627
13.5476	4.47059
13.5507	3.96078
13.5538	3.35294
13.5569	2.96078
13.56	2.88235
13.5631	2.76471
13.5663	2.47059
13.5694	2.09804
13.5725	1.62745
13.5756	1.21569
13.5787	1.13725
13.5818	1.35294
13.5849	1.35294
13.588	1.11765
13.5911	0.509804
13.5943	0
13.5974	0.27451
13.6005	1.2549
13.6036	2.2549
13.6067	2.76471
13.6098	2.56863
13.6129	2.01961
13.616	1.58824
13.6191	1.41176
13.6223	1.62745
13.6254	1.70588
13.6285	1.60784
13.6316	1.45098
13.6347	1.27451
13.6378	1.17647
13.6409	1.29412
13.644	1.52941
13.6471	1.58824
13.6503	1.37255
13.6534	0.921569
13.6565	0.568627
13.6596	0.27451
13.6627	0.568627
13.6658	1.29412
13.6689	1.78431
13.672	1.66667
13.6751	1.29412
13.6782	1.03922
13.6814	0.980392
13.6845	1.54902
13.6876	2.01961
13.6907	1.66667
13.6938	1.37255
13.6969	1.11765
13.7	1
13.7031	1.33333
13.7062	1.41176
13.7094	1.15686
13.7125	1.03922
13.7156	0.666667
13.7187	0.235294
13.7218	0
13.7249	0.176471
13.728	0.568627
13.7311	0.862745
13.7342	0.372549
13.7374	0.27451
13.7405	0.862745
13.7436	1.54902
13.7467	1.68627
13.7498	1.72549
13.7529	1.56863
13.756	1.2549
13.7591	1.07843
13.7622	1.15686
13.7654	0.980392
13.7685	0.705882
13.7716	0.156863
13.7747	0.352941
13.7778	0.490196
13.7809	0.490196
13.784	0.352941
13.7871	0.294118
13.7902	0.686275
13.7934	0.666667
13.7965	0.352941
13.7996	1.52941
13.8027	3.39216
13.8058	4.66667
13.8089	4.98039
13.812	4.86275
13.8151	4.43137
13.8182	3.64706
13.8214	3.29412
13.8245	3.29412
13.8276	2.98039
13.8307	2.37255
13.8338	1.88235
13.8369	1.64706
13.84	1.58824
13.8431	1.5098
13.8462	1.27451
13.8493	1.13725
13.8524	1.01961
13.8555	1.01961
13.8586	0.960784
13.8617	0.666667
13.8648	0.72549
13.8679	0.784314
13.871	0.980392
13.8741	1.35294
13.8772	1.76471
13.8803	1.90196
13.8834	1.94118
13.8865	1.90196
13.8896	1.72549
13.8927	1.64706
13.8958	2
13.8989	2.7451
13.902	3.27451
13.9051	3.5098
13.9082	3.52941
13.9113	3.84314
13.9144	4.37255
13.9175	4.70588
13.9206	4.88235
13.9237	4.70588
13.9268	4.43137
13.9299	4.68627
13.933	4.98039
13.9361	4.98039
13.9392	4.98039
13.9423	4.98039
13.9454	4.94118
13.9485	4.4902
13.9516	4.98039
13.9547	4.98039
13.9578	4.98039
13.9609	4.98039
13.964	4.56863
13.9671	4.13725
13.9702	4.23529
13.9732	4.62745
13.9763	4.98039
13.9794	4.90196
13.9825	4.5098
13.9856	4.13725
13.9887	3.98039
13.9918	4
13.9949	4.05882
13.998	3.78431
14.0011	3.4902
14.0042	3.07843
14.0073	2.88235
14.0104	2.94118
14.0135	3.19608
14.0166	3.47059
14.0197	3.31373
14.0228	2.90196
14.0259	2.27451
14.029	1.94118
14.0321	2.17647
14.0352	2.88235
14.0383	3.39216
14.0414	3.41176
14.0445	3.09804
14.0476	2.70588
14.0507	2.43137
14.0538	2.47059
14.0569	2.82353
14.06	3.07843
14.0631	3
14.0662	2.64706
14.0693	2.56863
14.0724	2.70588
14.0755	3.01961
14.0786	2.92157
14.0817	3.13725
14.0848	3.45098
14.0879	3.45098
14.091	3.37255
14.0941	3.62745
14.0972	4.31373
14.1002	4.98039
14.1033	4.98039
14.1064	4.98039
14.1095	4.92157
14.1126	4.98039
14.1157	4.98039
14.1188	4.98039
14.1219	4.98039
14.125	4.98039
14.1281	4.5098
14.1312	3.56863
14.1343	2.72549
14.1374	2.62745
14.1405	1.66667
14.1436	0.235294
14.1467	0
14.1498	0
14.1529	0
14.156	0
14.1591	0
14.1622	0
14.1653	0
14.1683	0
14.1714	0
14.1745	0
14.1775	0
14.1806	0
14.1837	0
14.1868	0
14.1898	0
14.1929	0
14.196	0
14.199	0.0392157
14.2021	0
14.2052	0
14.2082	0
14.2113	0
14.2144	0
14.2174	0
14.2205	0
14.2236	0
14.2266	0
14.2297	0
14.2328	0
14.2359	0.0196078
14.2389	0.0392157
14.242	0
14.2451	0
14.2481	0
14.2512	0
14.2543	0.156863
14.2573	0.392157
14.2604	0.294118
14.2635	0.0784314
14.2665	0
14.2696	0
14.2727	0.0588235
14.2757	0.294118
14.2788	0.294118
14.2819	0.392157
14.285	0.215686
14.288	0.0392157
14.2911	0.333333
14.2942	1.13725
14.2972	2.88235
14.3003	2.86275
14.3034	2.52941
14.3064	2.11765
14.3095	1.98039
14.3126	2.05882
14.3156	2.05882
14.3187	1.66667
14.3218	1.43137
14.3249	1.4902
14.3279	1.70588
14.331	2.35294
14.3341	3.72549
14.3371	5
14.3402	3.31373
14.3433	0.666667
14.3463	0
14.3494	0
14.3525	0
14.3555	0
14.3586	0
14.3617	0
14.3647	0
14.3678	0
14.3709	0
14.374	0
14.377	0.137255
14.3801	0
14.3832	0.156863
14.3862	0.647059
14.3893	1.70588
14.3924	2.60784
14.3954	3.31373
14.3985	3.09804
14.4016	2.01961
14.4046	1.70588
14.4077	1.64706
14.4108	1.66667
14.4139	1.64706
14.4169	1.27451
14.42	1
14.4231	0.784314
14.4261	0.764706
14.4292	0.921569
14.4323	0.980392
14.4353	0.882353
14.4384	0.607843
14.4415	0.509804
14.4445	0.490196
14.4476	0.705882
14.4507	1.15686
14.4537	1.58824
14.4568	1.66667
14.4599	1.58824
14.463	1.72549
14.466	2.31373
14.4691	2.94118
14.4722	3.41176
14.4753	3.52941
14.4784	3.35294
14.4815	3.39216
14.4846	3.76471
14.4876	4.52941
14.4907	5
14.4938	5
14.4969	4.98039
14.5	5
14.5031	5
14.5062	5
14.5093	5
14.5124	5
14.5155	5
14.5186	5
14.5217	5
14.5248	5
14.5279	5
14.531	5
14.5341	5
14.5372	5
14.5403	5
14.5434	5
14.5465	4.98039
14.5496	4.98039
14.5527	5
14.5558	5
14.5589	4.98039
14.562	4.98039
14.5651	5
14.5682	5
14.5713	4.98039
14.5744	4.98039
14.5775	4.98039
14.5806	4.98039
14.5837	4.98039
14.5868	4.98039
14.5899	4.98039
14.593	4.98039
14.5961	4.98039
14.5992	4.98039
14.6023	4.98039
14.6054	4.98039
14.6085	4.98039
14.6115	4.98039
14.6146	4.07843
14.6177	2.58824
14.6208	1.19608
14.6239	0.117647
14.627	0
14.6301	0
14.6332	0
14.6363	0
14.6394	0
14.6425	0
14.6456	0
14.6487	1.56863
14.6518	5
14.6549	3.98039
14.658	0
14.6611	0
14.6642	0
14.6673	0
14.6704	0
14.6735	0
14.6766	0
14.6797	0
14.6828	0
14.6859	0
14.689	0
14.6921	0
14.6952	0
14.6983	0
14.7014	0
14.7045	0
14.7076	0.45098
14.7107	2.03922
14.7138	5
14.7169	5
14.72	4.90196
14.7231	2.07843
14.7262	0
14.7293	0
14.7324	3.64706
14.7355	4.58824
14.7385	4.62745
14.7416	4.4902
14.7447	4.5098
14.7478	4.84314
14.7509	4.98039
14.754	4.98039
14.7571	4.96078
14.7602	4.84314
14.7633	4.58824
14.7664	4.58824
14.7695	4.98039
14.7726	4.98039
14.7757	4.80392
14.7788	4.45098
14.7819	4.23529
14.785	4.45098
14.7881	4.98039
14.7912	4.98039
14.7943	4.98039
14.7974	4.98039
14.8005	5
14.8036	5
14.8066	5
14.8097	4.92157
14.8128	3.64706
14.8159	2.13725
14.819	0.196078
14.8221	0.0392157
14.8252	0.705882
14.8283	1.54902
14.8314	2.19608
14.8344	2.94118
14.8375	3.54902
14.8406	4.07843
14.8437	4.56863
14.8468	4.98039
14.8499	4.98039
14.853	4.98039
14.8561	4.98039
14.8592	4.98039
14.8623	4.98039
14.8653	5
14.8684	4.98039
14.8715	4.98039
14.8746	4.82353
14.8777	3.98039
14.8808	2.68627
14.8839	1.47059
14.887	0.490196
14.8901	0
14.8932	0
14.8962	0
14.8993	0
14.9024	0
14.9055	0
14.9086	0
14.9117	0.627451
14.9148	0.882353
14.9179	0.764706
14.921	0.490196
14.9241	0.45098
14.9271	0.568627
14.9302	0.647059
14.9333	0.372549
14.9364	0.0980392
14.9395	0.0588235
14.9426	0.254902
14.9457	0.745098
14.9488	1.29412
14.9519	1.52941
14.955	1.66667
14.958	1.7451
14.9611	1.76471
14.9642	1.66667
14.9673	2.27451
14.9704	3.2549
14.9735	3.98039
14.9766	4.07843
14.9797	3.96078
14.9828	3.70588
14.9859	3.56863
14.9889	3.60784
14.992	3.29412
14.9951	2.4902
14.9982	1.68627
15.0013	1.13725
15.0044	1
15.0075	1.13725
15.0106	1.13725
15.0137	1.35294
15.0168	1.82353
15.0198	2.21569
15.0229	1.98039
15.026	2.47059
15.0291	3.29412
15.0322	3.88235
15.0353	3.86275
15.0384	3.78431
15.0415	2.90196
15.0446	2.11765
15.0477	2.60784
15.0507	2.64706
15.0538	2.43137
15.0569	3.17647
15.06	3.39216
15.0631	4
15.0662	3.78431
15.0693	5
15.0724	4.98039
15.0755	4.23529
15.0786	1.96078
15.0816	1.13725
15.0847	0
15.0878	0
15.0909	0.0588235
15.094	0
15.0971	0
15.1002	0.0196078
15.1033	0
15.1063	1.07843
15.1094	1.43137
15.1125	0.647059
15.1155	0.705882
15.1186	0.0588235
15.1217	0
15.1247	0.0196078
15.1278	0.156863
15.1309	0.431373
15.134	1.09804
15.137	0.647059
15.1401	0.117647
15.1432	0.333333
15.1462	1.27451
15.1493	2.88235
15.1524	4.54902
15.1555	4.43137
15.1585	3.98039
15.1616	3.35294
15.1647	1.21569
15.1677	1.94118
15.1708	1.47059
15.1739	2.47059
15.177	2
15.18	1.82353
15.1831	0
15.1862	0
15.1892	0
15.1923	0
15.1954	0
15.1984	0
15.2015	0
15.2046	0
15.2077	0
15.2107	0
15.2138	0
15.2169	0
15.2199	0
15.223	0
15.2261	0
15.2292	0
15.2322	0
15.2353	0
15.2384	0
15.2414	0.215686
15.2445	0.45098
15.2476	0.901961
15.2507	0.54902
15.2537	0
15.2568	0
15.2599	0.490196
15.2629	0.764706
15.266	1.29412
15.2691	1.4902
15.2721	1.43137
15.2752	1.41176
15.2783	1.17647
15.2814	1.11765
15.2844	1.96078
15.2875	2.7451
15.2906	2.76471
15.2936	2.82353
15.2967	2.94118
15.2998	2.47059
15.3029	2.13725
15.3059	2.15686
15.309	1.92157
15.3121	1.88235
15.3151	2.47059
15.3182	3.09804
15.3213	3.41176
15.3244	3.62745
15.3274	3.58824
15.3305	3.47059
15.3336	3.78431
15.3366	4.98039
15.3397	4.98039
15.3428	4.98039
15.3458	4.98039
15.3489	4.98039
15.352	4.92157
15.3551	4.62745
15.3581	4.7451
15.3612	4.98039
15.3643	4.90196
15.3673	4.56863
15.3704	4.27451
15.3735	4.19608
15.3766	4.31373
15.3796	4.39216
15.3827	4.2549
15.3858	3.64706
15.3888	3.17647
15.3919	2.5098
15.395	2.62745
15.3981	3.11765
15.4011	2.62745
15.4042	2.58824
15.4073	2.90196
15.4103	2.76471
15.4135	3.17647
15.4166	3.31373
15.4197	3.2549
15.4228	3.2549
15.4259	3
15.429	2.64706
15.4322	2.2549
15.4353	1.80392
15.4384	1.43137
15.4415	1.11765
15.4446	0.901961
15.4478	0.647059
15.4509	0.352941
15.454	0.0196078
15.4571	0
15.4602	0
15.4634	0
15.4665	0
15.4696	0
15.4727	0
15.4758	0
15.4789	0.156863
15.4821	0.215686
15.4852	0
15.4883	0.156863
15.4914	0.470588
15.4945	0.705882
15.4977	1.19608
15.5008	1.78431
15.5039	2.43137
15.507	2.62745
15.5101	2.13725
15.5132	1.84314
15.5164	2.01961
15.5195	2.56863
15.5226	2.96078
15.5257	3.19608
15.5288	3.17647
15.532	2.98039
15.5351	2.78431
15.5382	2.52941
15.5413	2.41176
15.5444	2.39216
15.5476	2.33333
15.5507	2.05882
15.5538	1.11765
15.5569	0.921569
15.56	1.03922
15.5631	1.21569
15.5663	1.41176
15.5694	1.17647
15.5725	1.11765
15.5756	1.23529
15.5787	1.45098
15.5819	1.19608
15.585	1.07843
15.5881	1.43137
15.5912	1.39216
15.5943	1.41176
15.5974	1.33333
15.6006	1.62745
15.6037	1.54902
15.6068	1.41176
15.6099	1.21569
15.613	0.411765
15.6162	0.156863
15.6193	0.509804
15.6224	1.09804
15.6255	1.4902
15.6286	1.56863
15.6318	1.64706
15.6349	1.62745
15.638	1.76471
15.6411	2.80392
15.6442	3.45098
15.6473	3.80392
15.6505	4.60784
15.6536	4.98039
15.6567	4.98039
15.6598	4.98039
15.6629	4.92157
15.6661	4.76471
15.6692	4.84314
15.6723	4.60784
15.6754	4.88235
15.6785	4.98039
15.6816	4.98039
15.6848	4.98039
15.6879	5
15.691	4.98039
15.6941	4.98039
15.6972	4.98039
15.7004	4.92157
15.7035	4.01961
15.7066	2.80392
15.7097	1.4902
15.7128	0.980392
15.716	1.19608
15.7191	1.56863
15.7222	1.76471
15.7253	1.35294
15.7284	0.0392157
15.7315	0
15.7346	0
15.7377	0
15.7408	0
15.7439	0
15.747	0
15.7501	0.156863
15.7532	0.509804
15.7563	0.666667
15.7594	0.568627
15.7625	0.411765
15.7656	0.156863
15.7687	0.0392157
15.7718	0.607843
15.7749	1.17647
15.778	1.58824
15.7811	1.66667
15.7842	1.66667
15.7873	1.78431
15.7904	2.11765
15.7935	2.47059
15.7966	2.7451
15.7997	2.70588
15.8028	2.41176
15.8059	2.37255
15.809	2.54902
15.8121	3.09804
15.8152	3.45098
15.8183	3.27451
15.8214	2.86275
15.8245	2.39216
15.8276	2.19608
15.8307	2.29412
15.8338	2.56863
15.8369	2.4902
15.84	2.15686
15.8431	2.03922
15.8462	2
15.8493	2.19608
15.8524	2.47059
15.8555	2.60784
15.8586	2.4902
15.8617	2.2549
15.8648	2.13725
15.8679	1.90196
15.871	2
15.8741	2.45098
15.8772	2.56863
15.8803	2.43137
15.8834	1.96078
15.8865	1.7451
15.8896	1.7451
15.8927	1.96078
15.8958	2.23529
15.8989	2.17647
15.902	1.7451
15.9051	1.29412
15.9082	1.15686
15.9113	1.35294
15.9144	1.76471
15.9175	2.01961
15.9206	1.86275
15.9237	1.62745
15.9268	1.60784
15.9299	1.58824
15.933	1.56863
15.9361	1.62745
15.9392	1.66667
15.9423	1.43137
15.9454	1.17647
15.9485	1
15.9516	1.23529
15.9547	1.54902
15.9578	1.86275
15.9609	2.07843
15.964	1.96078
15.9671	1.66667
15.9702	1.58824
15.9733	1.86275
15.9764	2.19608
15.9795	2.37255
15.9826	2.37255
15.9857	2.17647
15.9888	2.01961
15.9919	2.11765
15.995	2.4902
15.9981	2.88235
16.0012	3.03922
16.0043	2.92157
16.0074	2.62745
16.0105	2.33333
16.0136	2.41176
16.0167	2.76471
16.0198	3.11765
16.0229	2.96078
16.026	2.47059
16.0291	1.92157
16.0322	1.2549
16.0352	1.37255
16.0383	1.41176
16.0414	1.27451
16.0445	1
16.0476	0.921569
16.0507	0.607843
16.0538	0.392157
16.0568	0.568627
16.0599	0.627451
16.063	0.372549
16.0661	0
16.0691	0
16.0722	0
16.0753	0.215686
16.0784	0.372549
16.0814	0.45098
16.0845	0.666667
16.0876	0.705882
16.0907	1.52941
16.0938	2.5098
16.0968	3.15686
16.0999	1.90196
16.103	1.76471
16.1061	1.84314
16.1091	2.39216
16.1122	3.21569
16.1153	3.94118
16.1184	3.82353
16.1214	2.86275
16.1245	1.7451
16.1276	1.15686
16.1307	1.11765
16.1337	1.01961
16.1368	0.568627
16.1399	0
16.143	0
16.1461	0
16.1491	0
16.1522	0
16.1553	0
16.1584	0
16.1614	0
16.1645	0
16.1676	0
16.1707	0.0784314
16.1737	0.27451
16.1768	0.294118
16.1799	0.215686
16.183	0.215686
16.186	0.470588
16.1891	1.01961
16.1922	1.43137
16.1953	1.66667
16.1984	1.68627
16.2014	1.64706
16.2045	2.37255
16.2076	3.11765
16.2107	3.68627
16.2137	3.86275
16.2168	3.72549
16.2199	3.47059
16.223	3.43137
16.226	3.60784
16.2291	3.84314
16.2322	3.84314
16.2353	3.54902
16.2383	3.01961
16.2414	2.5098
16.2445	2.29412
16.2476	2.35294
16.2507	2.01961
16.2537	1.47059
16.2568	0.784314
16.2599	0.254902
16.263	0.156863
16.266	0.27451
16.2691	0.294118
16.2722	0.0392157
16.2753	0
16.2783	0
16.2814	0
16.2845	0
16.2876	0
16.2906	0
16.2937	0
16.2968	0
16.2999	0
16.303	0
16.306	0
16.3091	0
16.3122	0
16.3153	0
16.3183	0
16.3214	0
16.3245	0.0588235
16.3276	0.352941
16.3306	0.686275
16.3337	0.764706
16.3368	0.529412
16.3399	0.254902
16.343	0.117647
16.346	0.254902
16.3491	0.54902
16.3522	0.803922
16.3553	0.745098
16.3584	0.509804
16.3615	0.392157
16.3646	0.627451
16.3677	1.11765
16.3708	1.60784
16.3739	1.78431
16.377	1.68627
16.3801	1.60784
16.3832	1.56863
16.3863	1.90196
16.3894	2.52941
16.3925	2.92157
16.3956	2.98039
16.3987	2.66667
16.4018	2.45098
16.4049	2.43137
16.408	2.62745
16.4111	2.92157
16.4142	3.05882
16.4173	2.92157
16.4204	2.68627
16.4235	2.37255
16.4266	2.23529
16.4297	2.41176
16.4328	2.68627
16.4359	2.76471
16.439	2.62745
16.4421	2.37255
16.4452	2
16.4483	2.05882
16.4514	2.37255
16.4545	2.54902
16.4576	2.5098
16.4607	2.17647
16.4638	1.96078
16.4669	2.05882
16.47	2.52941
16.4731	2.98039
16.4762	3.2549
16.4793	3.21569
16.4824	2.96078
16.4855	2.68627
16.4886	2.70588
16.4917	3.09804
16.4948	3.47059
16.4979	3.86275
16.501	4.09804
16.5041	4.19608
16.5072	4.35294
16.5103	4.98039
16.5134	4.98039
16.5165	4.98039
16.5196	4.76471
16.5226	4.39216
16.5257	4.09804
16.5288	4.17647
16.5319	4.27451
16.535	4.56863
16.5381	4.62745
16.5412	4.33333
16.5443	3.72549
16.5474	3.4902
16.5505	3.62745
16.5536	4.05882
16.5567	3.70588
16.5598	3.33333
16.5629	2.92157
16.566	3
16.5691	3.09804
16.5722	2.96078
16.5753	2.27451
16.5784	1.60784
16.5815	1.33333
16.5846	1.56863
16.5877	1.78431
16.5908	3.03922
16.5939	3.60784
16.597	0
16.6001	0
16.6032	0.0392157
16.6063	0.0196078
16.6094	0
16.6125	0
16.6156	0
16.6187	0
16.6218	0
16.6249	0
16.628	0.411765
16.6311	1.37255
16.6342	2.41176
16.6373	3.2549
16.6404	4.47059
16.6435	4.92157
16.6466	4.98039
16.6497	4.96078
16.6528	4.43137
16.6559	3.80392
16.659	3.43137
16.6621	3.41176
16.6652	3.52941
16.6683	3.98039
16.6714	4.5098
16.6745	4.76471
16.6776	4.60784
16.6807	3.86275
16.6838	3.47059
16.6869	4.52941
16.6899	5
16.693	5
16.6961	5
16.6992	5
16.7023	5
16.7054	5
16.7085	5
16.7116	5
16.7147	5
16.7178	5
16.7208	5
16.7239	5
16.727	5
16.7301	5
16.7332	4.98039
16.7363	4.98039
16.7394	5
16.7425	5
16.7456	5
16.7487	5
16.7517	5
16.7548	5
16.7579	5
16.761	5
16.7641	5
16.7672	5
16.7703	5
16.7734	4.98039
16.7765	4.98039
16.7796	4.70588
16.7826	4.23529
16.7857	3.56863
16.7888	2.45098
16.7919	1.21569
16.795	0.156863
16.7981	0
16.8012	0
16.8043	0
16.8074	0
16.8104	0
16.8135	0
16.8166	0
16.8197	0
16.8228	0.176471
16.8259	1.23529
16.829	2.92157
16.8321	4.41176
16.8352	4.98039
16.8383	4.98039
16.8413	4.98039
16.8444	4.98039
16.8475	5
16.8506	5
16.8537	4.98039
16.8568	4.98039
16.8599	4.98039
16.863	5
16.8661	5
16.8692	4.98039
16.8722	4.98039
16.8753	5
16.8784	4.98039
16.8815	4.98039
16.8846	4.98039
16.8877	5
16.8908	5
16.8939	5
16.897	5
16.9001	5
16.9031	5
16.9062	5
16.9093	5
16.9124	5
16.9155	5
16.9186	5
16.9217	5
16.9248	5
16.9279	5
16.931	5
16.934	5
16.9371	5
16.9402	5
16.9433	5
16.9464	5
16.9495	5
16.9526	5
16.9557	5
16.9588	5
16.9619	5
16.9649	5
16.968	5
16.9711	5
16.9742	5
16.9773	5
16.9804	4.84314
16.9834	4.88235
16.9865	4.98039
16.9896	4.96078
16.9926	3.84314
16.9957	3.90196
16.9988	3.98039
17.0018	4.29412
17.0049	4.98039
17.008	5
17.011	5
17.0141	4.98039
17.0172	4.98039
17.0202	4.98039
17.0233	5
17.0264	5
17.0294	5
17.0325	4.98039
17.0356	4.96078
17.0386	4.98039
17.0417	5
17.0448	4.98039
17.0478	5
17.0509	4.98039
17.054	4.98039
17.057	4.92157
17.0601	4.52941
17.0632	4.41176
17.0662	4.98039
17.0693	4.98039
17.0724	4.35294
17.0754	3.11765
17.0785	2.60784
17.0816	2.39216
17.0847	2.70588
17.0877	3.07843
17.0908	2.78431
17.0939	1.52941
17.0969	0.54902
17.1	0.72549
17.1031	1.4902
17.1061	2.62745
17.1092	2.78431
17.1123	2.11765
17.1153	1.01961
17.1184	1.58824
17.1215	2.66667
17.1245	3.37255
17.1276	2.90196
17.1307	1.94118
17.1337	1.13725
17.1368	1.19608
17.1399	2.15686
17.1429	3.37255
17.146	3.78431
17.1491	3.13725
17.1521	1.66667
17.1552	0.784314
17.1583	1.58824
17.1613	3.03922
17.1644	3.56863
17.1675	3.13725
17.1705	2.05882
17.1736	1.7451
17.1767	2.05882
17.1797	2.86275
17.1828	3.45098
17.1859	3.19608
17.1889	2.09804
17.192	0.803922
17.1951	1.15686
17.1981	1.76471
17.2012	2.98039
17.2043	2.92157
17.2073	2.17647
17.2104	1.94118
17.2135	2.29412
17.2165	2.66667
17.2196	3.15686
17.2227	2.92157
17.2257	2.15686
17.2288	1.09804
17.2319	1.33333
17.2349	2.47059
17.238	3.92157
17.2411	4.82353
17.2441	4.60784
17.2472	3.31373
17.2503	2.39216
17.2533	3.03922
17.2564	4.70588
17.2595	4.98039
17.2625	4.98039
17.2656	4.7451
17.2687	3.58824
17.2717	3.31373
17.2748	4
17.2779	4.98039
17.2809	5
17.284	4.98039
17.2871	4.82353
17.2901	4.41176
17.2932	4.80392
17.2963	4.98039
17.2994	4.98039
17.3025	4.98039
17.3056	4.90196
17.3087	4.03922
17.3118	3.13725
17.3149	3
17.318	3.52941
17.3211	4.58824
17.3242	4.98039
17.3273	4.33333
17.3304	3.03922
17.3335	2.66667
17.3366	3.45098
17.3397	4.5098
17.3428	4.98039
17.3459	4.66667
17.349	4
17.3521	3.23529
17.3552	3.41176
17.3583	4.33333
17.3614	5
17.3645	4.98039
17.3676	4.45098
17.3707	3.11765
17.3738	2.15686
17.3769	2.2549
17.38	2.86275
17.3831	3.4902
17.3862	3.29412
17.3893	2.33333
17.3924	1.19608
17.3955	0.921569
17.3986	1.2549
17.4017	1.96078
17.4048	2.41176
17.4079	1.96078
17.411	0.686275
17.4141	0
17.4172	0.823529
17.4203	2.27451
17.4234	2.72549
17.4265	1.94118
17.4296	0.784314
17.4327	0.176471
17.4358	0.745098
17.4389	1.7451
17.442	3.27451
17.4451	4.88235
17.4482	4.98039
17.4513	4.98039
17.4544	4.98039
17.4575	4.98039
17.4606	4.98039
17.4637	4.82353
17.4668	3.58824
17.4699	2.23529
17.473	2.27451
17.4761	2.66667
17.4792	3.05882
17.4823	3
17.4854	1.96078
17.4885	0.411765
17.4916	0
17.4947	0.27451
17.4978	1.5098
17.5009	2.47059
17.504	1.09804
17.5071	0
17.5102	0
17.5133	0.294118
17.5164	1.29412
17.5195	2.15686
17.5226	1.82353
17.5257	1.58824
17.5288	1.70588
17.5319	2.01961
17.535	2.39216
17.5381	2.72549
17.5412	2.58824
17.5443	0.941176
17.5474	0
17.5505	0.0392157
17.5536	0.509804
17.5567	1.33333
17.5598	1.58824
17.5629	1.17647
17.566	0.529412
17.5691	0.882353
17.5722	1.90196
17.5753	3.78431
17.5784	4.98039
17.5815	4.80392
17.5846	3.29412
17.5877	1.72549
17.5908	2.70588
17.5939	3.98039
17.597	4.45098
17.6001	3.64706
17.6032	2.23529
17.6063	1.4902
17.6094	1.31373
17.6125	1
17.6156	1.94118
17.6187	2.88235
17.6219	2.03922
17.625	0.607843
17.6281	0.45098
17.6312	1.68627
17.6343	4.05882
17.6374	3.52941
17.6405	2.37255
17.6437	2.82353
17.6468	5
17.6499	5
17.653	5
17.6561	4.98039
17.6592	4.98039
17.6623	4.39216
17.6654	3.23529
17.6686	2.43137
17.6717	2.07843
17.6748	2.01961
17.6779	1.35294
17.681	0
17.6841	0
17.6872	0.215686
17.6903	0.882353
17.6935	1.13725
17.6966	1.15686
17.6997	0
17.7028	0
17.7059	0
17.709	0
17.7121	0.0588235
17.7152	0.490196
17.7184	0.372549
17.7215	0
17.7246	0
17.7277	0
17.7308	0
17.7339	0
17.737	0
17.7401	0
17.7433	0
17.7464	0
17.7495	0
17.7526	0.54902
17.7557	2.2549
17.7588	3.88235
17.7619	4.35294
17.765	3.27451
17.7682	1.35294
17.7713	0.176471
17.7744	0.0196078
17.7775	0.588235
17.7806	0.568627
17.7837	0
17.7868	0
17.79	0
17.7931	0.176471
17.7962	1.54902
17.7993	3.19608
17.8024	3.2549
17.8055	2.11765
17.8086	0.784314
17.8117	0.470588
17.8149	1.41176
17.818	2.64706
17.8211	3.13725
17.8242	2.43137
17.8273	1.01961
17.8304	0.156863
17.8335	0.666667
17.8366	1.94118
17.8398	3
17.8429	3.23529
17.846	2.19608
17.8491	0.686275
17.8522	0
17.8553	0.54902
17.8584	1.66667
17.8615	2.47059
17.8647	2
17.8678	0.588235
17.8709	0
17.874	0
17.8771	0.392157
17.8802	1.13725
17.8833	1.52941
17.8864	0.784314
17.8896	0
17.8927	0
17.8958	0
17.8989	1.07843
17.902	1.13725
17.9051	0.215686
17.9082	0
17.9114	0
17.9145	0.0588235
17.9176	0.980392
17.9207	2.01961
17.9237	2.05882
17.9268	1.19608
17.9299	0.313726
17.9329	0.470588
17.936	1.78431
17.9391	3.29412
17.9421	3.5098
17.9452	2.07843
17.9482	1.15686
17.9513	1.45098
17.9544	2.4902
17.9574	3.43137
17.9605	3.45098
17.9635	2.15686
17.9666	0.45098
17.9697	0
17.9727	0.45098
17.9758	1.5098
17.9789	2.13725
17.9819	1.58824
17.985	0
17.988	0
17.9911	0
17.9942	0.294118
17.9972	0.54902
18.0003	0
18.0033	0
18.0064	0
18.0095	0
18.0125	0.392157
18.0156	1.17647
18.0187	1.66667
18.0217	0.941176
18.0248	0
18.0278	0.647059
18.0309	1.84314
18.034	3.11765
18.037	3.29412
18.0401	2.52941
18.0431	1.72549
18.0462	2.15686
18.0493	3.7451
18.0523	5
18.0554	4.98039
18.0584	4.98039
18.0615	4.09804
18.0646	3.23529
18.0676	3.62745
18.0707	4.98039
18.0738	4.98039
18.0768	4.2549
18.0799	2.56863
18.0829	1.82353
18.086	2.41176
18.0891	3.52941
18.0921	4.33333
18.0952	4
18.0982	2.68627
18.1013	1.33333
18.1044	1.33333
18.1074	2.43137
18.1105	3.88235
18.1136	4.4902
18.1166	3.7451
18.1197	3.52941
18.1227	4.82353
18.1258	5
18.1289	5
18.1319	5
18.135	4.98039
18.138	4.86275
18.1411	4.88235
18.1442	4.98039
18.1472	4.98039
18.1503	4.98039
18.1533	4.98039
18.1564	4.66667
18.1595	3.64706
18.1625	3.35294
18.1656	4.05882
18.1687	4.84314
18.1717	4.98039
18.1748	4.11765
18.1778	2.5098
18.1809	1.13725
18.184	1.07843
18.187	2.07843
18.1901	3.07843
18.1931	3.15686
18.1962	1.98039
18.1993	0.294118
18.2023	0.0392157
18.2054	0.843137
18.2085	2.5098
18.2115	4.07843
18.2146	4.29412
18.2176	3.31373
18.2207	2.45098
18.2238	2.7451
18.2268	4.11765
18.2299	5
18.233	5
18.2361	5
18.2392	4.98039
18.2423	4.98039
18.2453	4.98039
18.2484	4.98039
18.2515	5
18.2546	4.86275
18.2577	3.84314
18.2608	3.29412
18.2639	1.70588
18.267	2.45098
18.2701	3.78431
18.2732	3.56863
18.2763	2.80392
18.2794	0.666667
18.2825	0
18.2856	0
18.2887	0
18.2918	0
18.2948	0
18.2979	0
18.301	0
18.3041	0
18.3072	0
18.3103	0
18.3134	0
18.3165	0.254902
18.3196	0.196078
18.3227	0
18.3258	0.0196078
18.3289	3.82353
18.332	4.98039
18.3351	4.98039
18.3382	4.31373
18.3413	2.98039
18.3443	2.54902
18.3474	2.96078
18.3505	3.5098
18.3536	3.7451
18.3567	3.17647
18.3598	2
18.3629	1.27451
18.366	1.96078
18.3691	3.60784
18.3722	4.98039
18.3753	4.90196
18.3784	4
18.3815	4.13725
18.3846	5
18.3877	5
18.3908	5
18.3938	5
18.3969	4.68627
18.4	3.19608
18.4031	2.52941
18.4062	2.72549
18.4093	3.33333
18.4124	3.70588
18.4155	1.62745
18.4186	0.529412
18.4217	0.705882
18.4248	1.5098
18.4279	2.54902
18.431	2.62745
18.4341	1.43137
18.4372	0
18.4403	0
18.4433	0
18.4464	0.0588235
18.4495	0.372549
18.4526	0.588235
18.4557	0.529412
18.4588	1.21569
18.4619	2.29412
18.465	3.52941
18.4681	4.11765
18.4712	3.58824
18.4743	4.94118
18.4774	5
18.4805	5
18.4836	5
18.4867	5
18.4898	5
18.4928	5
18.4959	5
18.499	5
18.5021	5
18.5052	5
18.5083	5
18.5114	5
18.5145	4.98039
18.5176	4.98039
18.5207	5
18.5238	4.98039
18.5269	4.98039
18.53	4.98039
18.5331	4.62745
18.5362	3.72549
18.5393	3.54902
18.5423	3.82353
18.5455	4.39216
18.5486	4.41176
18.5517	4.37255
18.5548	4.56863
18.5579	4.94118
18.561	4.98039
18.5641	4.98039
18.5672	4.98039
18.5703	4.98039
18.5734	5
18.5765	5
18.5797	4.98039
18.5828	5
18.5859	4.98039
18.589	2.78431
18.5921	4.01961
18.5952	5
18.5983	5
18.6014	5
18.6045	4.98039
18.6076	4.33333
18.6107	3.52941
18.6139	3.90196
18.617	4.98039
18.6201	4.5098
18.6232	3.4902
18.6263	1.58824
18.6294	0
18.6325	0
18.6356	0
18.6387	0.54902
18.6418	1.07843
18.6449	0.54902
18.6481	0.0588235
18.6512	0
18.6543	0
18.6574	0.156863
18.6605	0.54902
18.6636	0.490196
18.6667	0
18.6698	0
18.6729	0
18.676	0
18.6791	0
18.6822	0
18.6854	0
18.6885	0.0588235
18.6916	0
18.6947	0
18.6978	0.137255
18.7009	0.803922
18.704	1.2549
18.7071	1.21569
18.7102	0.960784
18.7133	0.431373
18.7164	0.45098
18.7196	0.568627
18.7227	0.313726
18.7258	0.980392
18.7289	1.92157
18.732	2.90196
18.7351	2.86275
18.7382	1.72549
18.7413	1.2549
18.7444	2.01961
18.7475	3.80392
18.7506	4.98039
18.7538	4.98039
18.7569	4.96078
18.76	4.66667
18.7631	3.96078
18.7662	3.58824
18.7693	3.90196
18.7724	4.39216
18.7755	4.4902
18.7786	3.92157
18.7817	1.84314
18.7848	0
18.788	0
18.7911	0
18.7942	0
18.7973	0
18.8004	0
18.8035	0
18.8066	0
18.8097	0
18.8128	0
18.8159	0
18.819	0
18.8222	0
18.8253	0
18.8284	0
18.8315	0
18.8346	0
18.8377	0
18.8408	0
18.8439	0
18.847	0
18.8501	0
18.8532	0
18.8564	0
18.8595	0.117647
18.8625	0.392157
18.8656	0.117647
18.8687	0
18.8718	0
18.8749	0.0196078
18.8779	0.0196078
18.881	0
18.8841	0
18.8872	0
18.8903	0.0196078
18.8933	0
18.8964	0
18.8995	0.0392157
18.9026	0
18.9057	0
18.9087	0
18.9118	0
18.9149	0
18.918	0
18.9211	0
18.9241	0.215686
18.9272	0.372549
18.9303	0.176471
18.9334	0
18.9365	0.470588
18.9396	1.29412
18.9426	1.5098
18.9457	0.921569
18.9488	0.54902
18.9519	0.72549
18.955	1.23529
18.958	1.62745
18.9611	1.86275
18.9642	1.76471
18.9673	1.54902
18.9704	1.37255
18.9734	1.66667
18.9765	1.98039
18.9796	2.09804
18.9827	1.70588
18.9858	1.37255
18.9888	1.37255
18.9919	1.78431
18.995	2.2549
18.9981	2.56863
19.0012	2.52941
19.0042	2.19608
19.0073	2.03922
19.0104	2.35294
19.0135	2.96078
19.0166	3.33333
19.0196	3.33333
19.0227	2.15686
19.0258	2.17647
19.0289	2.62745
19.032	3.07843
19.035	3.17647
19.0381	3.15686
19.0412	2.76471
19.0443	2.45098
19.0474	2.2549
19.0504	2.4902
19.0535	2.86275
19.0566	2.90196
19.0597	3.17647
19.0628	2.7451
19.0658	1.41176
19.0689	1.64706
19.072	1.54902
19.0751	1.62745
19.0782	1.98039
19.0812	2.35294
19.0843	2.98039
19.0874	3.54902
19.0905	4.15686
19.0936	4.09804
19.0966	4.01961
19.0997	3.66667
19.1028	2.62745
19.1059	2.21569
19.109	2.19608
19.1121	2.21569
19.1151	2.62745
19.1182	3.23529
19.1213	3.86275
19.1244	3.29412
19.1275	3.52941
19.1305	3.96078
19.1336	4.98039
19.1367	4.78431
19.1398	4.45098
19.1429	4.98039
19.1459	4.41176
19.149	4.23529
19.1521	4.43137
19.1552	4.62745
19.1583	4.64706
19.1613	4.68627
19.1644	4.92157
19.1675	4.78431
19.1706	4.98039
19.1737	5
19.1768	5
19.1799	5
19.183	4.96078
19.1861	3.27451
19.1892	1.78431
19.1923	1.35294
19.1954	1.98039
19.1985	3
19.2016	2.5098
19.2047	0.568627
19.2078	0
19.2109	0
19.214	0
19.2171	0.568627
19.2202	1.05882
19.2233	0.392157
19.2264	0
19.2295	0
19.2326	0
19.2357	0.196078
19.2388	0.862745
19.2419	1.15686
19.245	0.313726
19.2481	0
19.2512	0
19.2543	0.196078
19.2574	2.45098
19.2605	3.94118
19.2636	4.07843
19.2667	3.19608
19.2698	1.43137
19.2729	0.27451
19.276	0.333333
19.2791	1.39216
19.2822	1.5098
19.2853	0
19.2884	0
19.2915	0
19.2946	0
19.2977	0
19.3008	0
19.3039	0
19.307	0
19.3101	0
19.3132	0
19.3163	0
19.3194	0
19.3225	0
19.3256	0
19.3287	0
19.3318	0
19.3349	0
19.3381	0
19.3412	0
19.3443	0
19.3474	0
19.3505	0
19.3536	0
19.3567	0.0784314
19.3598	1.05882
19.3629	0.470588
19.366	0
19.3691	0
19.3722	0.0588235
19.3753	1.45098
19.3784	2
19.3815	0
19.3846	0
19.3877	0
19.3908	0
19.3939	0.0196078
19.397	0.0784314
19.4001	0
19.4032	0
19.4063	0
19.4094	0
19.4125	0.627451
19.4156	1.33333
19.4187	1.03922
19.4218	0.235294
19.4249	0.294118
19.428	1.62745
19.4311	3.21569
19.4342	4.66667
19.4373	4.66667
19.4404	3.21569
19.4435	1.80392
19.4466	1.23529
19.4497	2.13725
19.4528	1.31373
19.4559	1.29412
19.459	0.823529
19.4621	0
19.4652	0.235294
19.4683	1.5098
19.4714	4.70588
19.4745	4.98039
19.4776	3.98039
19.4807	1.39216
19.4838	0
19.4869	0
19.49	0.372549
19.4932	2.05882
19.4963	2.35294
19.4994	0
19.5025	0
19.5056	0.705882
19.5087	1.19608
19.5118	1.15686
19.5149	0
19.5181	0
19.5212	0
19.5243	0
19.5274	0
19.5305	0.0588235
19.5336	0.0588235
19.5367	0
19.5398	0
19.543	0.0196078
19.5461	1.11765
19.5492	2.56863
19.5523	3.39216
19.5554	3.21569
19.5585	2.19608
19.5616	0.862745
19.5647	0.705882
19.5679	2
19.571	3.70588
19.5741	4.58824
19.5772	3.88235
19.5803	2.2549
19.5834	1.03922
19.5865	1.52941
19.5896	3.05882
19.5928	4.43137
19.5959	4.7451
19.599	3.58824
19.6021	1.82353
19.6052	1.2549
19.6083	2.13725
19.6114	3.62745
19.6146	4.45098
19.6177	3.88235
19.6208	2.29412
19.6239	0.72549
19.627	0.607843
19.6301	1.92157
19.6332	3.58824
19.6363	4.41176
19.6395	3.60784
19.6426	1.98039
19.6457	0.803922
19.6488	1.21569
19.6519	2.66667
19.655	4.07843
19.6581	4.35294
19.6612	3.13725
19.6644	1.29412
19.6675	0.745098
19.6706	1.76471
19.6737	3.39216
19.6768	4.52941
19.6799	4.17647
19.683	2.66667
19.6861	1.11765
19.6893	1.11765
19.6924	2.54902
19.6955	4.21569
19.6986	4.98039
19.7017	4.2549
19.7048	2.56863
19.7079	1.39216
19.711	1.98039
19.7142	3.5098
19.7173	4.86275
19.7204	4.92157
19.7235	3.68627
19.7266	1.86275
19.7297	1.23529
19.7328	2.21569
19.736	3.82353
19.7391	4.98039
19.7422	4.82353
19.7453	3.41176
19.7484	1.70588
19.7515	1.4902
19.7546	2.78431
19.7577	4.5098
19.7609	4.98039
19.764	2.92157
19.7671	1.96078
19.7702	2.94118
19.7733	4.98039
19.7764	4.98039
19.7795	4.98039
19.7826	4.70588
19.7858	3.4902
19.7889	3.03922
19.792	4.07843
19.7951	4.98039
19.7982	4.98039
19.8013	3.62745
19.8043	1.13725
19.8074	0
19.8104	0.803922
19.8135	2.54902
19.8166	3.66667
19.8196	3
19.8227	1.31373
19.8257	0
19.8288	0.294118
19.8318	1.37255
19.8349	2.4902
19.838	2.45098
19.841	1.17647
19.8441	0
19.8471	0
19.8502	2.05882
19.8532	3.2549
19.8563	2.98039
19.8594	1.62745
19.8624	0.313726
19.8655	0.411765
19.8685	1.78431
19.8716	3.5098
19.8746	4.45098
19.8777	3.78431
19.8808	2.31373
19.8838	1.39216
19.8869	2.07843
19.8899	3.62745
19.893	4.78431
19.896	3.58824
19.8991	2.01961
19.9022	1.66667
19.9052	2.68627
19.9083	3.94118
19.9113	4.70588
19.9144	4.15686
19.9174	2.62745
19.9205	1.17647
19.9236	1.15686
19.9266	2.60784
19.9297	4.52941
19.9327	4.98039
19.9358	3.39216
19.9389	2.21569
19.9419	2.90196
19.945	4.54902
19.948	5
19.9511	4.98039
19.9541	4.98039
19.9572	4.45098
19.9603	4.68627
19.9633	5
19.9664	5
19.9694	5
19.9725	4.98039
19.9755	4.37255
19.9786	2.5098
19.9817	2.27451
19.9847	1.43137
19.9878	0.333333
19.9908	0
19.9939	0
19.9969	0.0588235
