0.00465012	0
0.00775337	0
0.0108566	0
0.0139599	0
0.0170631	0
0.0201664	0
0.0232697	0
0.0263729	0
0.0294762	0
0.0325794	0
0.0356827	0
0.0387859	0
0.0418892	0
0.0449924	0
0.0480957	0
0.051199	0
0.0543022	0
0.0574055	0
0.0605087	0
0.063612	0
0.0667152	0
0.0698185	0
0.0729218	0
0.076025	0
0.0791283	0
0.0822315	0
0.0853348	0
0.088438	0
0.0915413	0
0.0946445	0
0.0977478	0
0.100851	0
0.103954	0
0.107058	0
0.110161	0
0.113264	0
0.116367	0
0.119471	0
0.122574	0
0.125677	0
0.12878	0
0.131884	0
0.134987	0
0.13809	0
0.141193	0
0.144297	0
0.1474	0
0.150503	0
0.153606	0
0.15671	0
0.159813	0
0.162916	0
0.166019	0
0.169123	0
0.172226	0
0.175329	0
0.178432	0
0.181536	0
0.184639	0
0.187742	0
0.190845	0
0.193949	0
0.197052	0
0.200155	0
0.203259	0
0.206362	0
0.209465	0
0.212568	0
0.215672	0
0.218775	0
0.221878	0
0.224981	0
0.228085	0
0.231188	0
0.234291	0
0.237394	0
0.240498	0
0.243601	0
0.246704	0.0588235
0.249807	0.254902
0.252911	0.313726
0.256014	0.215686
0.259117	0.0588235
0.26222	0
0.265324	0.235294
0.268427	0.54902
0.27153	0.686275
0.274603	0.764706
0.277676	0.921569
0.280748	0.882353
0.283821	0.686275
0.286894	0.529412
0.289967	0.411765
0.293039	0.470588
0.296112	0.588235
0.299185	0.764706
0.302258	1.13725
0.30533	1.66667
0.308403	2.21569
0.311476	2.5098
0.314548	2.54902
0.317621	2.4902
0.320694	2.52941
0.323767	3.15686
0.326839	3.39216
0.329912	3.33333
0.332985	3.09804
0.336058	2.86275
0.33913	2.84314
0.342203	3.09804
0.345276	3.39216
0.348349	3.52941
0.351421	3.35294
0.354494	3.03922
0.357567	2.86275
0.36064	2.90196
0.363712	3.21569
0.366785	3.5098
0.369858	3.2549
0.372931	2.94118
0.376003	2.80392
0.379076	2.92157
0.382149	3.23529
0.385221	3.43137
0.388294	3.31373
0.391367	3
0.39444	2.7451
0.397512	2.66667
0.400585	2.82353
0.403658	3.15686
0.406731	3.2549
0.409803	2.80392
0.412876	2.62745
0.415949	2.72549
0.419022	3
0.422094	3.27451
0.425167	3.27451
0.42824	3.01961
0.431313	2.7451
0.434385	2.62745
0.437458	2.78431
0.440531	3.09804
0.443604	3.33333
0.446676	3.17647
0.449749	2.86275
0.452822	2.5098
0.455894	2.70588
0.458967	3
0.46204	3.07843
0.465113	2.88235
0.468185	2.58824
0.471258	2.39216
0.474331	2.45098
0.477404	2.68627
0.480476	2.88235
0.483549	2.86275
0.486622	2.58824
0.489695	2.31373
0.492767	2.21569
0.49584	2.66667
0.498913	2.78431
0.501986	2.62745
0.505058	2.35294
0.508131	2.19608
0.511204	2.21569
0.514277	2.52941
0.517349	2.88235
0.520422	2.98039
0.523495	2.82353
0.526567	2.54902
0.52964	2.35294
0.532713	2.45098
0.535786	2.76471
0.538858	3.01961
0.541931	3.01961
0.545004	2.82353
0.548077	2.54902
0.551149	2.43137
0.554222	2.54902
0.557295	2.82353
0.560368	2.94118
0.56344	2.82353
0.566513	2.54902
0.569586	2.29412
0.572659	2.23529
0.575731	2.39216
0.578804	2.62745
0.581877	2.70588
0.584949	2.56863
0.588051	2.33333
0.591152	2.15686
0.594254	2.17647
0.597355	2.39216
0.600456	2.60784
0.603558	2.64706
0.606659	2.4902
0.60976	2.29412
0.612862	2.2549
0.615963	2.43137
0.619064	2.76471
0.622166	2.98039
0.625267	2.92157
0.628368	2.72549
0.63147	2.54902
0.634571	2.60784
0.637672	2.86275
0.640774	3.23529
0.643875	3.31373
0.646976	3.11765
0.650078	2.82353
0.653179	2.62745
0.656281	2.64706
0.659382	2.82353
0.662483	3.01961
0.665585	2.98039
0.668686	2.7451
0.671787	2.47059
0.674889	2.37255
0.67799	2.4902
0.681091	2.7451
0.684193	2.92157
0.687294	2.82353
0.690395	2.56863
0.693497	2.37255
0.696598	2.33333
0.699699	2.56863
0.702801	2.92157
0.705902	3.03922
0.709003	2.94118
0.712105	2.56863
0.715206	2.64706
0.718307	2.94118
0.721409	3.17647
0.72451	3.11765
0.727612	2.86275
0.730713	2.60784
0.733814	2.4902
0.736916	2.62745
0.740017	2.86275
0.743118	3
0.74622	2.86275
0.749321	2.56863
0.752422	2.35294
0.755524	2.60784
0.758625	2.86275
0.761726	2.88235
0.764828	2.68627
0.767929	2.37255
0.77103	2.19608
0.774132	2.2549
0.777233	2.52941
0.780334	2.82353
0.783436	2.82353
0.786537	2.56863
0.789639	2.2549
0.79274	2.19608
0.795841	2.37255
0.798943	2.92157
0.802044	2.82353
0.805145	2.56863
0.808247	2.35294
0.811348	2.31373
0.814449	2.52941
0.817551	2.82353
0.820652	2.84314
0.823753	2.64706
0.826855	2.39216
0.829956	2.2549
0.833057	2.35294
0.836159	2.60784
0.83926	2.80392
0.842361	2.58824
0.845463	2.37255
0.848564	2.29412
0.851665	2.45098
0.854767	2.78431
0.857868	2.92157
0.86097	2.7451
0.864071	2.47059
0.867172	2.27451
0.870274	2.27451
0.873375	2.4902
0.876476	2.80392
0.879578	2.86275
0.882679	2.70588
0.88578	2.23529
0.888882	2.33333
0.891983	2.58824
0.895084	2.84314
0.898186	2.88235
0.901299	2.72549
0.904411	2.4902
0.907524	2.41176
0.910637	2.52941
0.91375	2.80392
0.916862	2.88235
0.919975	2.7451
0.923088	2.45098
0.926201	2.27451
0.929314	2.54902
0.932426	2.78431
0.935539	2.80392
0.938652	2.58824
0.941765	2.33333
0.944878	2.21569
0.94799	2.31373
0.951103	2.60784
0.954216	2.78431
0.957329	2.7451
0.960442	2.52941
0.963554	2.33333
0.966667	2.2549
0.96978	2.43137
0.972893	2.72549
0.976006	2.86275
0.979118	2.7451
0.982231	2.5098
0.985344	2.31373
0.988457	2.31373
0.99157	2.54902
0.994682	2.82353
0.997795	2.86275
1.00091	2.68627
1.00402	2.45098
1.00713	2.35294
1.01025	2.39216
1.01336	2.70588
1.01647	2.90196
1.01958	2.82353
1.0227	2.56863
1.02581	2.33333
1.02892	2.29412
1.03204	2.4902
1.03515	2.76471
1.03826	2.92157
1.04137	2.78431
1.04449	2.4902
1.0476	2.29412
1.05071	2.31373
1.05383	2.52941
1.05694	2.76471
1.06005	2.76471
1.06316	2.5098
1.06628	2.2549
1.06939	2.11765
1.0725	2.19608
1.07561	2.41176
1.07873	2.66667
1.08184	2.60784
1.08495	2.27451
1.08807	2.01961
1.09118	1.92157
1.09429	2.05882
1.0974	2.37255
1.10052	2.52941
1.10363	2.37255
1.10674	2.09804
1.10986	1.90196
1.11297	1.94118
1.11608	2.17647
1.11919	2.47059
1.12231	2.52941
1.12542	2.35294
1.12853	2.09804
1.13165	1.96078
1.13476	2.05882
1.13787	2.31373
1.14098	2.5098
1.1441	2.4902
1.14721	2.23529
1.15032	1.96078
1.15343	1.90196
1.15655	2.09804
1.15966	2.41176
1.16277	2.4902
1.16589	2.33333
1.169	2.11765
1.17211	1.96078
1.17522	2.03922
1.17834	2.23529
1.18145	2.47059
1.18456	2.5098
1.18768	2.29412
1.19079	2.03922
1.1939	2.03922
1.19701	2.31373
1.20013	2.56863
1.20324	2.4902
1.20635	2.23529
1.20947	2.01961
1.21258	1.96078
1.21569	2.13725
1.21875	2.39216
1.22182	2.5098
1.22488	2.37255
1.22794	2.15686
1.23101	2.01961
1.23407	2.05882
1.23713	2.5098
1.2402	2.52941
1.24326	2.33333
1.24632	2.13725
1.24939	2.05882
1.25245	2.19608
1.25551	2.43137
1.25858	2.58824
1.26164	2.5098
1.2647	2.29412
1.26777	2.09804
1.27083	2.07843
1.27389	2.2549
1.27695	2.56863
1.28002	2.52941
1.28308	2.27451
1.28614	2.07843
1.28921	2.11765
1.29227	2.37255
1.29533	2.66667
1.2984	2.7451
1.30146	2.4902
1.30452	2.23529
1.30759	2.11765
1.31065	2.21569
1.31371	2.43137
1.31678	2.62745
1.31984	2.60784
1.3229	2.27451
1.32597	2.19608
1.32903	2.33333
1.33209	2.60784
1.33516	2.7451
1.33822	2.60784
1.34128	2.35294
1.34435	2.21569
1.34741	2.21569
1.35047	2.45098
1.35353	2.68627
1.3566	2.70588
1.35966	2.5098
1.36272	2.2549
1.36579	2.2549
1.36885	2.5098
1.37191	2.70588
1.37498	2.70588
1.37804	2.5098
1.3811	2.27451
1.38417	2.17647
1.38723	2.33333
1.39029	2.56863
1.39336	2.62745
1.39642	2.5098
1.39948	2.31373
1.40255	2.21569
1.40561	2.23529
1.40867	2.62745
1.41174	2.66667
1.4148	2.4902
1.41786	2.15686
1.42093	2.05882
1.42399	2.23529
1.42705	2.52941
1.43011	2.7451
1.43318	2.64706
1.43624	2.37255
1.4393	2.21569
1.44237	2.21569
1.44543	2.39216
1.44849	2.60784
1.45156	2.68627
1.45462	2.54902
1.45768	2.29412
1.46075	2.15686
1.46381	2.21569
1.46687	2.41176
1.46994	2.58824
1.473	2.58824
1.47606	2.39216
1.47913	2.19608
1.48219	2.11765
1.48525	2.2549
1.48832	2.4902
1.49138	2.64706
1.49444	2.56863
1.49751	2.37255
1.50057	2.21569
1.50363	2.15686
1.50669	2.31373
1.50976	2.60784
1.51282	2.7451
1.51588	2.60784
1.51895	2.35294
1.52201	2.19608
1.52507	2.21569
1.52817	2.39216
1.53126	2.56863
1.53435	2.62745
1.53744	2.4902
1.54053	2.23529
1.54362	2.13725
1.54672	2.29412
1.54981	2.58824
1.5529	2.78431
1.55599	2.64706
1.55908	2.39216
1.56218	2.21569
1.56527	2.21569
1.56836	2.39216
1.57145	2.64706
1.57454	2.7451
1.57763	2.60784
1.58073	2.39216
1.58382	2.27451
1.58691	2.31373
1.59	2.52941
1.59309	2.72549
1.59619	2.7451
1.59928	2.56863
1.60237	2.35294
1.60546	2.23529
1.60855	2.33333
1.61164	2.58824
1.61474	2.7451
1.61783	2.68627
1.62092	2.47059
1.62401	2.27451
1.6271	2.19608
1.6302	2.29412
1.63329	2.5098
1.63638	2.56863
1.63947	2.47059
1.64256	2.31373
1.64565	2.21569
1.64875	2.2549
1.65184	2.4902
1.65493	2.76471
1.65802	2.78431
1.66111	2.60784
1.66421	2.37255
1.6673	2.19608
1.67039	2.52941
1.67348	2.62745
1.67657	2.5098
1.67966	2.2549
1.68276	2.01961
1.68585	2
1.68894	2.15686
1.69203	2.29412
1.69512	2.29412
1.69822	2.21569
1.70131	2.05882
1.7044	1.98039
1.70749	2.01961
1.71058	2.33333
1.71367	2.66667
1.71677	2.47059
1.71986	2.2549
1.72295	2.17647
1.72604	2.27451
1.72913	2.52941
1.73223	2.7451
1.73532	2.62745
1.73841	2.33333
1.7415	2.07843
1.74459	2
1.74768	2.13725
1.75078	2.33333
1.75387	2.37255
1.75696	2.15686
1.76005	2.09804
1.76314	2.19608
1.76624	2.41176
1.76933	2.60784
1.77242	2.64706
1.77551	2.4902
1.7786	2.27451
1.78169	2.11765
1.78479	2.13725
1.78788	2.27451
1.79097	2.41176
1.79406	2.45098
1.79715	2.35294
1.80025	2.29412
1.80334	2.5098
1.80643	2.82353
1.80952	3
1.81261	2.92157
1.8157	2.72549
1.8188	2.56863
1.82189	2.54902
1.82498	2.78431
1.82807	3.01961
1.83116	2.98039
1.83426	2.82353
1.83735	2.58824
1.84044	2.47059
1.84352	2.82353
1.84661	3.05882
1.8497	3.11765
1.85279	3.05882
1.85588	2.96078
1.85896	2.92157
1.86205	2.98039
1.86514	3.17647
1.86823	3.23529
1.87132	3.09804
1.8744	2.82353
1.87749	2.62745
1.88058	2.60784
1.88367	2.80392
1.88675	3.03922
1.88984	2.88235
1.89293	2.66667
1.89602	2.56863
1.89911	2.66667
1.90219	2.90196
1.90528	3.11765
1.90837	3.07843
1.91146	2.90196
1.91455	2.72549
1.91763	2.68627
1.92072	2.84314
1.92381	3.05882
1.9269	3.07843
1.92999	2.92157
1.93307	2.62745
1.93616	2.39216
1.93925	2.39216
1.94234	2.60784
1.94543	2.82353
1.94851	2.80392
1.9516	2.66667
1.95469	2.45098
1.95778	2.37255
1.96087	2.52941
1.96395	2.84314
1.96704	3.03922
1.97013	3.01961
1.97322	2.82353
1.97631	2.60784
1.97939	2.58824
1.98248	2.80392
1.98557	3.11765
1.98866	3.19608
1.99175	3.01961
1.99483	2.7451
1.99792	2.54902
2.00101	2.62745
2.0041	2.88235
2.00719	3.13725
2.01027	3.15686
2.01336	2.94118
2.01645	2.66667
2.01954	2.60784
2.02263	2.82353
2.02571	3.17647
2.0288	3.37255
2.03189	3.2549
2.03498	2.90196
2.03807	2.64706
2.04115	2.58824
2.04424	2.76471
2.04733	3
2.05042	3.01961
2.05351	2.86275
2.05659	2.58824
2.05968	2.41176
2.06277	2.5098
2.06586	2.82353
2.06895	3.03922
2.07203	3
2.07512	2.72549
2.07821	2.45098
2.0813	2.33333
2.08439	2.5098
2.08747	2.84314
2.09056	3.01961
2.09365	2.90196
2.09674	2.60784
2.09983	2.37255
2.10291	2.60784
2.106	2.92157
2.10909	3
2.11218	2.80392
2.11527	2.52941
2.11835	2.31373
2.12144	2.39216
2.12453	2.66667
2.12762	2.96078
2.13071	2.96078
2.13379	2.7451
2.13688	2.5098
2.13997	2.4902
2.14306	2.72549
2.14615	3.45098
2.14923	3.39216
2.15232	3.21569
2.1554	3.21569
2.15849	3.64706
2.16157	5
2.16466	5
2.16774	5
2.17082	5
2.17391	5
2.17699	5
2.18008	5
2.18316	5
2.18624	3.33333
2.18933	0
2.19241	0
2.1955	0
2.19858	0
2.20167	0.235294
2.20475	0
2.20783	0
2.21092	0
2.214	0
2.21709	0
2.22017	0
2.22326	0
2.22634	0
2.22942	0
2.23251	0
2.23559	0
2.23868	0
2.24176	0
2.24484	0
2.24793	0
2.25101	0
2.2541	0
2.25718	0
2.26027	0.333333
2.26335	2.98039
2.26643	2.4902
2.26952	2.72549
2.2726	0.72549
2.27569	5
2.27877	5
2.28185	5
2.28494	5
2.28802	4.98039
2.29111	0
2.29419	0
2.29728	0
2.30036	0
2.30344	0
2.30653	0
2.30961	0
2.3127	0
2.31578	0
2.31886	0
2.32195	0
2.32503	0
2.32812	0
2.3312	0
2.33429	0
2.33737	0
2.34045	0
2.34354	0
2.34662	0
2.34971	0
2.35279	0
2.35588	0
2.35896	0
2.36204	0
2.36513	0
2.36821	0
2.3713	0
2.37438	0
2.37746	0
2.38055	0
2.38363	0
2.38672	0
2.3898	0
2.39289	0
2.39597	0
2.39905	0
2.40214	0
2.40522	0
2.40831	0
2.41139	0
2.41447	0
2.41756	0
2.42064	0
2.42373	0
2.42681	0
2.4299	0
2.43298	0
2.43606	0
2.43915	0
2.44223	0
2.44532	0
2.4484	0
2.45148	0
2.45457	0
2.45765	0
2.46074	0
2.46382	0
2.46691	0
2.47	0
2.47309	0
2.47617	0
2.47926	0
2.48235	0
2.48544	0
2.48853	0
2.49161	0
2.4947	0
2.49779	0.0980392
2.50088	0.235294
2.50397	0.0784314
2.50705	0
2.51014	0
2.51323	0
2.51632	0
2.51941	0.117647
2.52249	0.117647
2.52558	0
2.52867	0
2.53176	0
2.53485	0
2.53793	0
2.54102	0
2.54411	0.0784314
2.5472	0.0196078
2.55029	0
2.55337	0.0784314
2.55646	0.313726
2.55955	0.627451
2.56264	0.745098
2.56573	0.607843
2.56881	0.352941
2.5719	0.196078
2.57499	0.352941
2.57808	0.490196
2.58117	0.45098
2.58425	0.588235
2.58734	0.509804
2.59043	0.411765
2.59352	0.294118
2.59661	0.352941
2.59969	0.235294
2.60278	0.27451
2.60587	0.235294
2.60896	0.27451
2.61205	0.529412
2.61513	1.01961
2.61822	1.58824
2.62131	2.21569
2.6244	2.21569
2.62749	2.2549
2.63057	2.45098
2.63366	2.78431
2.63675	3.13725
2.63984	3.23529
2.64293	3.07843
2.64601	2.82353
2.6491	2.72549
2.65219	2.86275
2.65528	3.19608
2.65837	3.41176
2.66145	3.37255
2.66454	2.92157
2.66763	2.88235
2.67072	3.05882
2.67381	3.35294
2.67689	3.43137
2.67998	3.27451
2.68307	3.05882
2.68616	2.90196
2.68925	3
2.69233	3.2549
2.69542	3.52941
2.69851	3.54902
2.7016	3.31373
2.70469	3.01961
2.70777	2.96078
2.71086	3.21569
2.71395	3.37255
2.71704	3.27451
2.72013	3
2.72321	2.72549
2.7263	2.68627
2.72939	2.90196
2.73248	3.17647
2.73557	3.2549
2.73865	3.05882
2.74174	2.72549
2.74483	2.5098
2.74792	2.52941
2.75101	3.03922
2.75409	3.03922
2.75718	2.82353
2.76027	2.54902
2.76336	2.43137
2.76645	2.56863
2.76953	2.82353
2.77262	3.03922
2.77571	2.98039
2.77881	2.7451
2.78192	2.54902
2.78502	2.52941
2.78813	2.70588
2.79123	3
2.79434	2.92157
2.79745	2.64706
2.80055	2.47059
2.80366	2.5098
2.80676	2.7451
2.80987	2.96078
2.81297	2.96078
2.81608	2.76471
2.81918	2.4902
2.82229	2.37255
2.82539	2.47059
2.8285	2.70588
2.8316	2.90196
2.83471	2.80392
2.83781	2.54902
2.84092	2.35294
2.84402	2.31373
2.84713	2.5098
2.85023	2.76471
2.85334	2.86275
2.85644	2.68627
2.85955	2.45098
2.86265	2.29412
2.86576	2.33333
2.86886	2.58824
2.87197	2.82353
2.87507	2.86275
2.87818	2.66667
2.88128	2.47059
2.88439	2.39216
2.8875	2.5098
2.8906	2.80392
2.89371	3
2.89681	2.94118
2.89992	2.70588
2.90302	2.45098
2.90613	2.37255
2.90923	2.5098
2.91234	2.70588
2.91544	2.78431
2.91855	2.66667
2.92165	2.41176
2.92476	2.23529
2.92786	2.27451
2.93097	2.47059
2.93407	2.68627
2.93718	2.64706
2.94028	2.43137
2.94339	2.17647
2.94649	2.09804
2.9496	2.23529
2.9527	2.47059
2.95581	2.60784
2.95891	2.58824
2.96202	2.45098
2.96512	2.35294
2.96823	2.37255
2.97133	2.47059
2.97444	2.64706
2.97754	2.72549
2.98065	2.62745
2.98376	2.45098
2.98686	2.2549
2.98997	2.23529
2.99307	2.5098
2.99618	2.78431
2.99928	2.80392
3.00239	2.56863
3.00549	2.33333
3.0086	2.23529
3.0117	2.39216
3.01481	2.62745
3.01791	2.80392
3.02102	2.7451
3.02412	2.52941
3.02723	2.35294
3.03033	2.33333
3.03344	2.5098
3.03654	2.78431
3.03965	2.86275
3.04275	2.70588
3.04586	2.5098
3.04896	2.43137
3.05207	2.52941
3.05517	2.76471
3.05828	2.90196
3.06138	2.70588
3.06449	2.5098
3.06759	2.39216
3.0707	2.58824
3.0738	2.92157
3.07691	3.11765
3.08002	3
3.08312	2.7451
3.08623	2.54902
3.08933	2.5098
3.09244	2.66667
3.0955	2.92157
3.09855	2.96078
3.10161	2.52941
3.10467	2.37255
3.10773	2.41176
3.11079	2.62745
3.11385	2.84314
3.11691	2.80392
3.11997	2.60784
3.12303	2.41176
3.12609	2.39216
3.12915	2.52941
3.13221	2.82353
3.13527	2.98039
3.13833	2.86275
3.14139	2.60784
3.14445	2.39216
3.1475	2.64706
3.15056	3
3.15362	3.05882
3.15668	2.78431
3.15974	2.45098
3.1628	2.31373
3.16586	2.35294
3.16892	2.60784
3.17198	2.80392
3.17504	2.76471
3.1781	2.54902
3.18116	2.35294
3.18422	2.27451
3.18728	2.70588
3.19034	2.84314
3.1934	2.72549
3.19646	2.5098
3.19951	2.35294
3.20257	2.37255
3.20563	2.54902
3.20869	2.78431
3.21175	2.80392
3.21481	2.58824
3.21787	2.33333
3.22093	2.19608
3.22399	2.29412
3.22705	2.56863
3.23011	2.70588
3.23317	2.4902
3.23623	2.29412
3.23929	2.23529
3.24235	2.39216
3.24541	2.66667
3.24846	2.80392
3.25152	2.68627
3.25458	2.45098
3.25764	2.31373
3.2607	2.31373
3.26376	2.56863
3.26682	2.80392
3.26988	2.82353
3.27294	2.41176
3.276	2.35294
3.27906	2.5098
3.28212	2.78431
3.28518	3
3.28824	2.94118
3.2913	2.70588
3.29436	2.43137
3.29741	2.35294
3.30047	2.4902
3.30353	2.70588
3.30659	2.80392
3.30965	2.66667
3.31271	2.41176
3.31577	2.21569
3.31883	2.21569
3.32189	2.43137
3.32495	2.64706
3.32801	2.58824
3.33107	2.41176
3.33413	2.23529
3.33719	2.13725
3.34025	2.21569
3.34331	2.43137
3.34636	2.60784
3.34942	2.54902
3.35248	2.33333
3.35554	2.09804
3.3586	2.03922
3.36166	2.2549
3.36472	2.56863
3.36778	2.70588
3.37084	2.54902
3.3739	2.27451
3.37696	2.07843
3.38002	2.11765
3.38308	2.31373
3.38614	2.54902
3.3892	2.54902
3.39226	2.35294
3.39532	2.13725
3.39837	2.09804
3.40143	2.2549
3.40452	2.52941
3.40761	2.70588
3.4107	2.64706
3.41379	2.43137
3.41688	2.21569
3.41997	2.07843
3.42306	2.23529
3.42615	2.52941
3.42924	2.62745
3.43233	2.52941
3.43542	2.27451
3.43851	2.11765
3.4416	2.13725
3.44469	2.31373
3.44778	2.56863
3.45087	2.60784
3.45396	2.5098
3.45705	2.2549
3.46014	2.15686
3.46323	2.23529
3.46632	2.47059
3.46941	2.62745
3.4725	2.54902
3.47559	2.29412
3.47868	2.05882
3.48177	2
3.48486	2.17647
3.48795	2.54902
3.49104	2.45098
3.49413	2.2549
3.49722	2.11765
3.50031	2.11765
3.5034	2.27451
3.50649	2.47059
3.50958	2.4902
3.51267	2.35294
3.51576	2.15686
3.51885	2.03922
3.52194	2.09804
3.52503	2.35294
3.52812	2.56863
3.53121	2.2549
3.5343	2.01961
3.53739	1.94118
3.54048	2.13725
3.54357	2.45098
3.54666	2.60784
3.54975	2.43137
3.55284	2.11765
3.55593	1.96078
3.55902	2.03922
3.56211	2.33333
3.5652	2.5098
3.56829	2.4902
3.57138	2.29412
3.57447	2
3.57756	2.11765
3.58065	2.39216
3.58374	2.58824
3.58683	2.52941
3.58992	2.2549
3.59301	2.09804
3.5961	2.05882
3.59919	2.15686
3.60228	2.39216
3.60537	2.54902
3.60846	2.52941
3.61155	2.35294
3.61464	2.17647
3.61773	2.33333
3.62082	2.58824
3.62391	2.62745
3.627	2.45098
3.63009	2.15686
3.63318	2
3.63627	2.19608
3.63936	2.56863
3.64245	2.82353
3.64554	2.72549
3.64863	2.47059
3.65172	2.2549
3.65481	2.19608
3.6579	2.39216
3.66099	2.7451
3.66408	2.56863
3.66717	2.39216
3.67026	2.27451
3.67335	2.33333
3.67644	2.54902
3.67953	2.76471
3.68262	2.7451
3.68571	2.56863
3.6888	2.37255
3.69188	2.27451
3.69497	2.37255
3.69806	2.66667
3.70115	2.86275
3.70424	2.52941
3.70733	2.39216
3.71042	2.37255
3.71351	2.45098
3.71662	2.70588
3.71973	2.76471
3.72284	2.64706
3.72594	2.45098
3.72905	2.31373
3.73216	2.35294
3.73526	2.5098
3.73837	2.70588
3.74148	2.78431
3.74459	2.64706
3.74769	2.27451
3.7508	2.29412
3.75391	2.5098
3.75701	2.64706
3.76012	2.54902
3.76323	2.29412
3.76633	2.13725
3.76944	2.15686
3.77255	2.35294
3.77566	2.60784
3.77876	2.68627
3.78187	2.56863
3.78498	2.37255
3.78808	2.21569
3.79119	2.23529
3.7943	2.43137
3.79741	2.68627
3.80051	2.68627
3.80362	2.5098
3.80673	2.31373
3.80983	2.21569
3.81294	2.27451
3.81605	2.47059
3.81915	2.60784
3.82226	2.52941
3.82537	2.31373
3.82848	2.13725
3.83158	2.09804
3.83469	2.29412
3.8378	2.54902
3.8409	2.60784
3.84401	2.43137
3.84712	2.13725
3.85023	1.98039
3.85333	2.03922
3.85644	2.2549
3.85955	2.4902
3.86265	2.5098
3.86576	2.37255
3.86887	2.21569
3.87197	2.19608
3.87508	2.33333
3.87819	2.4902
3.8813	2.64706
3.8844	2.56863
3.88751	2.41176
3.89062	2.27451
3.89372	2.2549
3.89683	2.41176
3.89994	2.66667
3.90305	2.70588
3.90615	2.56863
3.90926	2.37255
3.91237	2.21569
3.91547	2.21569
3.91858	2.41176
3.92169	2.58824
3.9248	2.58824
3.9279	2.45098
3.93101	2.29412
3.93412	2.21569
3.93722	2.2549
3.94033	2.43137
3.94344	2.58824
3.94654	2.52941
3.94965	2.35294
3.95276	2.21569
3.95587	2.21569
3.95897	2.37255
3.96208	2.56863
3.96519	2.4902
3.96829	2.33333
3.9714	2.23529
3.97451	2.2549
3.97762	2.41176
3.98072	2.62745
3.98383	2.60784
3.98694	2.39216
3.99004	2.21569
3.99315	2.13725
3.99626	2.15686
3.99936	2.2549
4.00247	2.37255
4.00558	2.41176
4.00869	2.11765
4.01179	2.13725
4.0149	2.27451
4.01801	2.54902
4.02111	2.66667
4.02422	2.62745
4.02733	2.47059
4.03044	2.33333
4.03352	2.35294
4.0366	2.52941
4.03968	2.72549
4.04276	2.70588
4.04584	2.54902
4.04892	2.37255
4.052	2.45098
4.05508	2.62745
4.05816	2.82353
4.06124	2.80392
4.06432	2.60784
4.0674	2.47059
4.07048	2.45098
4.07356	2.62745
4.07664	2.88235
4.07972	3.05882
4.0828	2.96078
4.08588	2.80392
4.08896	2.72549
4.09204	2.76471
4.09512	3.05882
4.0982	3.07843
4.10128	2.90196
4.10436	2.72549
4.10744	2.64706
4.11053	2.76471
4.11361	3.01961
4.11669	3.19608
4.11977	3.19608
4.12285	3
4.12593	2.7451
4.12901	2.66667
4.13209	2.80392
4.13517	3.03922
4.13825	3.07843
4.14133	2.86275
4.14441	2.68627
4.14749	2.64706
4.15057	2.78431
4.15365	2.92157
4.15673	2.92157
4.15981	2.72549
4.16289	2.4902
4.16597	2.33333
4.16905	2.43137
4.17213	2.66667
4.17521	2.84314
4.17829	2.78431
4.18137	2.4902
4.18445	2.41176
4.18753	2.4902
4.19061	2.70588
4.1937	2.7451
4.19678	2.68627
4.19986	2.54902
4.20294	2.41176
4.20602	2.47059
4.2091	2.66667
4.21218	2.92157
4.21526	2.94118
4.21834	2.76471
4.22142	2.54902
4.2245	2.60784
4.22758	2.84314
4.23066	3.03922
4.23374	3.01961
4.23682	2.78431
4.2399	2.58824
4.24298	2.54902
4.24606	2.72549
4.24914	3
4.25222	3.09804
4.2553	2.94118
4.25838	2.68627
4.26146	2.5098
4.26454	2.52941
4.26762	2.72549
4.2707	2.96078
4.27378	3.03922
4.27687	2.90196
4.27995	2.66667
4.28303	2.52941
4.28611	2.64706
4.28919	2.92157
4.29227	3.13725
4.29535	3.05882
4.29843	2.80392
4.30151	2.62745
4.30459	2.66667
4.30767	2.90196
4.31075	3.17647
4.31383	3.19608
4.31691	2.92157
4.31999	2.56863
4.32307	2.37255
4.32615	2.39216
4.32923	2.64706
4.33231	2.86275
4.33539	2.80392
4.33847	2.58824
4.34155	2.33333
4.34465	2.2549
4.34776	2.41176
4.35086	2.72549
4.35396	2.90196
4.35706	2.78431
4.36016	2.5098
4.36326	2.2549
4.36636	2.23529
4.36946	2.47059
4.37257	2.80392
4.37567	2.92157
4.37877	2.7451
4.38187	2.5098
4.38497	2.37255
4.38807	2.4902
4.39117	2.76471
4.39428	3.01961
4.39738	3.05882
4.40048	2.86275
4.40358	2.64706
4.40668	2.62745
4.40978	2.86275
4.41288	3.23529
4.41599	3.52941
4.41909	3.52941
4.42219	3.37255
4.42529	3.31373
4.42839	3.56863
4.43149	4.31373
4.43459	5
4.43769	5
4.4408	5
4.4439	5
4.447	5
4.4501	5
4.4532	5
4.4563	4.86275
4.4594	0
4.46251	0
4.46561	0
4.46871	0
4.47181	0
4.47491	0
4.47801	0
4.48111	0
4.48421	0
4.48732	0
4.49042	0
4.49352	0
4.49662	0
4.49972	0
4.50282	0
4.50592	0
4.50903	0
4.51213	0
4.51523	0
4.51833	0
4.52143	0
4.52453	0.431373
4.52763	5
4.53074	5
4.53384	5
4.53694	5
4.54004	5
4.54314	5
4.54624	5
4.54934	5
4.55244	5
4.55555	5
4.55865	5
4.56175	5
4.56485	5
4.56795	5
4.57105	5
4.57415	3.68627
4.57726	0
4.58036	0
4.58346	0
4.58656	0
4.58966	0
4.59276	0
4.59586	0
4.59896	0
4.60207	0
4.60517	0
4.60827	0
4.61137	0
4.61447	0
4.61757	0
4.62067	0
4.62378	0
4.62688	0
4.62998	0
4.63308	0
4.63618	0
4.63928	0
4.64238	0
4.64548	0
4.64859	0
4.65169	0
4.65479	0
4.6579	0
4.66101	0
4.66412	0
4.66723	0
4.67034	0
4.67345	0
4.67657	0
4.67968	0
4.68279	0
4.6859	0
4.68901	0
4.69212	0
4.69523	0
4.69834	0
4.70145	0
4.70456	0
4.70767	0
4.71078	0
4.7139	0
4.71701	0
4.72012	0
4.72323	0
4.72634	0
4.72945	0
4.73256	0
4.73567	0
4.73878	0
4.74189	0
4.745	0
4.74812	0
4.75123	0
4.75434	0
4.75745	0
4.76056	0
4.76367	0
4.76678	0
4.76989	0
4.773	0
4.77611	0
4.77922	0
4.78234	0
4.78545	0
4.78856	0
4.79167	0
4.79478	0
4.79789	0
4.801	0
4.80411	0
4.80722	0
4.81033	0
4.81344	0
4.81656	0
4.81967	0
4.82278	0
4.82589	0
4.829	0
4.83211	0
4.83522	0
4.83833	0
4.84144	0
4.84455	0
4.84766	0
4.85077	0
4.85389	0
4.857	0
4.86011	0
4.86322	0
4.86633	0
4.86944	0.0196078
4.87255	0.0784314
4.87566	0
4.87877	0
4.88188	0
4.88499	0
4.88811	0
4.89122	0
4.89433	0
4.89744	0
4.90055	0
4.90366	0
4.90677	0
4.90988	0
4.91299	0
4.9161	0
4.91921	0
4.92233	0
4.92544	0
4.92855	0
4.93166	0.0588235
4.93477	0
4.93788	0
4.94099	0
4.9441	0
4.94721	0
4.95032	0.0588235
4.95343	0.0980392
4.95654	0.0392157
4.95966	0
4.96277	0
4.96588	0
4.96899	0
4.97206	0
4.97514	0
4.97822	0
4.98129	0
4.98437	0
4.98745	0.0588235
4.99052	0.215686
4.9936	0.215686
4.99668	0
4.99975	0
5.00283	0
5.00591	0
5.00898	0.372549
5.01206	0.411765
5.01514	0.27451
5.01821	0.27451
5.02129	0.372549
5.02437	0.862745
5.02744	1.01961
5.03052	1.2549
5.0336	1.15686
5.03667	0.843137
5.03975	0.666667
5.04283	0.72549
5.0459	1
5.04898	1.37255
5.05206	1.86275
5.05513	1.98039
5.05821	2.23529
5.06129	2.60784
5.06436	3.05882
5.06744	3.33333
5.07051	3.35294
5.07359	3.23529
5.07667	3.15686
5.07974	3.21569
5.08282	3.45098
5.0859	3.68627
5.08897	3.68627
5.09205	3.4902
5.09513	3.05882
5.0982	3.15686
5.10128	3.41176
5.10436	3.58824
5.10743	3.5098
5.11051	3.31373
5.11359	3.11765
5.11666	3.11765
5.11974	3.33333
5.12282	3.68627
5.12589	3.82353
5.12897	3.70588
5.13205	3.4902
5.13512	3.31373
5.1382	3.58824
5.14128	3.98039
5.14435	4.01961
5.14743	3.78431
5.15051	3.43137
5.15358	3.33333
5.15666	3.47059
5.15973	3.76471
5.16281	3.96078
5.16589	3.86275
5.16896	3.56863
5.17204	3.31373
5.17512	3.23529
5.17819	3.41176
5.18127	3.72549
5.18435	3.80392
5.18742	3.60784
5.1905	3.27451
5.19358	3.03922
5.19665	3.03922
5.19973	3.27451
5.20281	3.5098
5.20588	3.4902
5.20896	3.2549
5.21204	2.92157
5.21511	2.76471
5.21819	2.86275
5.22127	3.05882
5.22434	3.21569
5.22742	3.11765
5.2305	2.84314
5.23357	2.62745
5.23665	2.58824
5.23973	2.78431
5.2428	3.09804
5.24588	3.17647
5.24895	3.03922
5.25203	2.76471
5.25511	2.60784
5.25818	2.66667
5.26126	2.90196
5.26434	3.13725
5.26741	3.13725
5.27049	2.90196
5.27357	2.64706
5.27664	2.52941
5.27972	2.66667
5.2828	2.92157
5.28588	3.05882
5.28896	2.92157
5.29203	2.64706
5.29511	2.41176
5.29819	2.35294
5.30127	2.5098
5.30435	2.7451
5.30743	2.78431
5.3105	2.58824
5.31358	2.31373
5.31666	2.13725
5.31974	2.15686
5.32282	2.39216
5.3259	2.60784
5.32898	2.64706
5.33205	2.43137
5.33513	2.19608
5.33821	2.07843
5.34129	2.21569
5.34437	2.54902
5.34745	2.82353
5.35052	2.66667
5.3536	2.39216
5.35668	2.2549
5.35976	2.2549
5.36284	2.47059
5.36592	2.7451
5.369	2.88235
5.37207	2.76471
5.37515	2.56863
5.37823	2.41176
5.38131	2.52941
5.38439	2.78431
5.38747	3
5.39054	2.98039
5.39362	2.70588
5.3967	2.45098
5.39978	2.45098
5.40286	2.68627
5.40594	2.82353
5.40902	2.70588
5.41209	2.45098
5.41517	2.2549
5.41825	2.23529
5.42133	2.39216
5.42441	2.62745
5.42749	2.72549
5.43056	2.58824
5.43364	2.41176
5.43672	2.33333
5.4398	2.45098
5.44288	3.15686
5.44596	3.23529
5.44904	3.09804
5.45211	2.92157
5.45519	2.92157
5.45827	3.11765
5.46135	3.33333
5.46443	3.45098
5.46751	3.33333
5.47058	3.11765
5.47366	2.88235
5.47674	2.78431
5.47982	2.94118
5.4829	3.21569
5.48598	3
5.48906	2.64706
5.49213	2.41176
5.49521	2.39216
5.49829	2.54902
5.50137	2.70588
5.50445	2.70588
5.50753	2.45098
5.5106	2.2549
5.51368	2.19608
5.51676	2.37255
5.51984	2.60784
5.52292	2.80392
5.526	2.72549
5.52908	2.41176
5.53215	2.43137
5.53523	2.64706
5.53831	2.98039
5.54139	3.03922
5.54447	2.88235
5.54755	2.66667
5.55062	2.56863
5.5537	2.64706
5.55678	2.84314
5.55986	3.01961
5.56294	2.96078
5.56602	2.7451
5.5691	2.52941
5.57217	2.66667
5.57525	2.88235
5.57833	2.98039
5.58141	2.84314
5.58449	2.56863
5.58757	2.35294
5.59064	2.33333
5.59372	2.5098
5.59681	2.7451
5.5999	2.78431
5.60298	2.58824
5.60607	2.31373
5.60915	2.15686
5.61224	2.21569
5.61533	2.70588
5.61841	2.66667
5.6215	2.39216
5.62458	2.17647
5.62767	2.15686
5.63076	2.31373
5.63384	2.66667
5.63693	2.88235
5.64001	2.84314
5.6431	2.58824
5.64619	2.41176
5.64927	2.39216
5.65236	2.56863
5.65545	2.80392
5.65853	2.78431
5.66162	2.56863
5.6647	2.29412
5.66779	2.15686
5.67088	2.21569
5.67396	2.47059
5.67705	2.68627
5.68013	2.62745
5.68322	2.33333
5.68631	2.13725
5.68939	2.09804
5.69248	2.27451
5.69556	2.52941
5.69865	2.60784
5.70174	2.5098
5.70482	2.31373
5.70791	2.19608
5.71099	2.21569
5.71408	2.43137
5.71717	2.70588
5.72025	2.68627
5.72334	2.4902
5.72643	2.2549
5.72951	2.11765
5.7326	2.23529
5.73568	2.5098
5.73877	2.68627
5.74186	2.64706
5.74494	2.37255
5.74803	2.11765
5.75111	2.05882
5.7542	2.19608
5.75729	2.4902
5.76037	2.58824
5.76346	2.41176
5.76654	2.15686
5.76963	2.01961
5.77272	2.01961
5.7758	2.17647
5.77889	2.45098
5.78197	2.52941
5.78506	2.35294
5.78815	2.05882
5.79123	1.86275
5.79432	1.96078
5.79741	2.31373
5.80049	2.56863
5.80358	2.5098
5.80666	2.23529
5.80975	2
5.81284	1.92157
5.81592	2.07843
5.81901	2.33333
5.82209	2.43137
5.82518	2.31373
5.82827	2.07843
5.83135	1.92157
5.83444	2.15686
5.83752	2.41176
5.84061	2.41176
5.8437	2.15686
5.84678	1.96078
5.84987	1.92157
5.85295	2.07843
5.85604	2.35294
5.85913	2.52941
5.86221	2.41176
5.8653	2.13725
5.86839	1.92157
5.87147	1.88235
5.87456	2.43137
5.87764	2.56863
5.88073	2.41176
5.88382	2.13725
5.8869	1.96078
5.88999	2
5.89307	2.2549
5.89616	2.4902
5.89925	2.4902
5.90233	2.31373
5.90542	2.13725
5.9085	2.05882
5.91157	2.17647
5.91464	2.41176
5.91771	2.4902
5.92078	2.29412
5.92385	2.11765
5.92692	2.09804
5.92999	2.23529
5.93306	2.45098
5.93612	2.56863
5.93919	2.45098
5.94226	2.2549
5.94533	2.17647
5.9484	2.2549
5.95147	2.45098
5.95454	2.64706
5.95761	2.58824
5.96068	2.11765
5.96375	2.07843
5.96681	2.23529
5.96988	2.5098
5.97295	2.70588
5.97602	2.62745
5.97909	2.37255
5.98216	2.15686
5.98523	2.09804
5.9883	2.2549
5.99137	2.54902
5.99443	2.66667
5.9975	2.54902
6.00057	2.29412
6.00364	2.13725
6.00671	2.35294
6.00978	2.58824
6.01285	2.64706
6.01592	2.4902
6.01899	2.27451
6.02205	2.15686
6.02512	2.2549
6.02819	2.5098
6.03126	2.66667
6.03433	2.56863
6.0374	2.33333
6.04047	2.17647
6.04354	2.21569
6.04661	2.66667
6.04967	2.72549
6.05274	2.56863
6.05581	2.29412
6.05888	2.19608
6.06195	2.27451
6.06502	2.52941
6.06809	2.68627
6.07116	2.62745
6.07423	2.45098
6.0773	2.2549
6.08036	2.13725
6.08343	2.15686
6.0865	2.37255
6.08957	2.54902
6.09264	2.35294
6.09571	2.21569
6.09878	2.2549
6.10185	2.4902
6.10492	2.72549
6.10798	2.7451
6.11105	2.58824
6.11412	2.39216
6.11719	2.2549
6.12026	2.2549
6.12333	2.37255
6.1264	2.52941
6.12947	2.56863
6.13254	2.4902
6.1356	2.31373
6.13867	2.19608
6.14174	2.29412
6.14481	2.5098
6.14788	2.62745
6.15095	2.4902
6.15402	2.21569
6.15709	2.09804
6.16016	2.13725
6.16323	2.37255
6.16629	2.62745
6.16936	2.70588
6.17243	2.58824
6.1755	2.37255
6.17857	2.27451
6.18164	2.29412
6.18471	2.45098
6.18778	2.60784
6.19085	2.62745
6.19391	2.5098
6.19698	2.33333
6.20005	2.23529
6.20312	2.33333
6.20619	2.54902
6.20926	2.68627
6.21233	2.60784
6.2154	2.33333
6.21847	2.15686
6.22156	2.13725
6.22466	2.29412
6.22775	2.54902
6.23085	2.7451
6.23394	2.7451
6.23704	2.54902
6.24014	2.37255
6.24323	2.33333
6.24633	2.45098
6.24942	2.54902
6.25252	2.56863
6.25561	2.45098
6.25871	2.31373
6.2618	2.2549
6.2649	2.31373
6.268	2.54902
6.27109	2.78431
6.27419	2.7451
6.27728	2.52941
6.28038	2.37255
6.28347	2.33333
6.28657	2.5098
6.28967	2.76471
6.29276	2.80392
6.29586	2.66667
6.29895	2.39216
6.30205	2.09804
6.30514	2.17647
6.30824	2.4902
6.31133	2.5098
6.31443	2.37255
6.31753	2.23529
6.32062	2.17647
6.32372	2.35294
6.32681	2.58824
6.32991	2.70588
6.333	2.66667
6.3361	2.47059
6.3392	2.29412
6.34229	2.29412
6.34539	2.52941
6.34848	2.94118
6.35158	2.84314
6.35467	2.60784
6.35777	2.4902
6.36086	2.56863
6.36396	2.78431
6.36706	2.92157
6.37015	2.92157
6.37325	2.78431
6.37634	2.58824
6.37944	2.4902
6.38253	2.54902
6.38563	2.7451
6.38873	2.90196
6.39182	2.76471
6.39492	2.58824
6.39801	2.54902
6.40111	2.68627
6.4042	2.90196
6.4073	2.94118
6.41039	2.78431
6.41349	2.54902
6.41659	2.45098
6.41968	2.52941
6.42278	2.70588
6.42587	2.94118
6.42897	2.98039
6.43206	2.78431
6.43516	2.52941
6.43826	2.58824
6.44135	2.78431
6.44445	2.96078
6.44754	2.92157
6.45064	2.68627
6.45373	2.45098
6.45683	2.39216
6.45992	2.56863
6.46302	2.86275
6.46612	2.96078
6.46921	2.86275
6.47231	2.66667
6.4754	2.52941
6.4785	2.82353
6.48159	3.07843
6.48469	3.13725
6.48779	2.96078
6.49088	2.7451
6.49398	2.70588
6.49707	2.94118
6.50017	3.21569
6.50326	3.39216
6.50636	3.35294
6.50945	3.11765
6.51255	2.94118
6.51565	2.94118
6.51874	3.11765
6.52184	3.43137
6.52493	3.23529
6.52803	2.96078
6.53112	2.76471
6.53423	2.86275
6.53734	3.13725
6.54045	3.39216
6.54356	3.37255
6.54667	3.11765
6.54978	2.84314
6.55289	2.66667
6.556	2.76471
6.5591	3.05882
6.56221	3.2549
6.56532	3.15686
6.56843	2.90196
6.57154	2.70588
6.57465	2.70588
6.57776	2.92157
6.58087	3.19608
6.58398	3.27451
6.58709	3.07843
6.59019	2.84314
6.5933	2.68627
6.59641	2.76471
6.59952	3.05882
6.60263	3.35294
6.60574	3.37255
6.60885	3.15686
6.61196	3
6.61507	3.03922
6.61818	3.41176
6.62128	4.13725
6.62439	5
6.6275	5
6.63061	5
6.63372	5
6.63683	5
6.63994	5
6.64305	5
6.64616	5
6.64927	5
6.65237	3.31373
6.65548	0
6.65859	4.07843
6.6617	5
6.66481	5
6.66792	5
6.67103	5
6.67414	5
6.67725	5
6.68036	5
6.68346	5
6.68657	5
6.68968	5
6.69279	5
6.6959	5
6.69901	5
6.70212	5
6.70523	5
6.70834	5
6.71144	5
6.71455	5
6.71766	5
6.72077	5
6.72388	5
6.72699	5
6.7301	5
6.73321	5
6.73632	5
6.73943	5
6.74253	5
6.74564	5
6.74875	5
6.75186	0
6.75497	0
6.75808	0
6.76119	0
6.7643	0
6.76741	0
6.77052	0
6.77362	0
6.77673	0
6.77984	0
6.78295	0
6.78606	0
6.78917	0
6.79228	0
6.79539	0
6.7985	0
6.80161	0
6.80471	0
6.80782	0
6.81093	0
6.81404	0
6.81715	0
6.82026	0
6.82337	0
6.82648	0
6.82959	0
6.8327	0
6.8358	0
6.83891	0
6.84202	0
6.84513	0
6.84821	0
6.85128	0
6.85436	0
6.85744	0
6.86051	0
6.86359	0
6.86667	0
6.86974	0
6.87282	0
6.8759	0
6.87897	0
6.88205	0
6.88513	0
6.8882	0
6.89128	0
6.89436	0
6.89743	0
6.90051	0
6.90359	0
6.90666	0
6.90974	0
6.91282	0
6.91589	0
6.91897	0
6.92204	0
6.92512	0
6.9282	0
6.93127	0
6.93435	0
6.93743	0
6.9405	0
6.94358	0
6.94666	0
6.94973	0
6.95281	0
6.95589	0
6.95896	0
6.96204	0
6.96512	0
6.96819	0
6.97127	0
6.97435	0
6.97742	0
6.9805	0
6.98358	0
6.98665	0
6.98973	0
6.99281	0
6.99588	0
6.99896	0
7.00204	0
7.00511	0
7.00819	0
7.01126	0
7.01434	0
7.01742	0
7.02049	0
7.02357	0
7.02665	0
7.02972	0
7.0328	0
7.03588	0
7.03895	0
7.04203	0
7.04511	0
7.04818	0
7.05126	0
7.05434	0
7.05741	0
7.06049	0
7.06357	0
7.06664	0
7.06972	0
7.0728	0
7.07587	0
7.07895	0
7.08203	0
7.0851	0
7.08818	0
7.09126	0
7.09433	0
7.09741	0
7.10048	0
7.10356	0
7.10664	0
7.10971	0
7.11279	0
7.11587	0
7.11894	0
7.12202	0
7.1251	0
7.12817	0
7.13125	0
7.13433	0
7.1374	0
7.14048	0
7.14356	0
7.14663	0
7.14971	0
7.15279	0.196078
7.15586	0.607843
7.15894	1.07843
7.16202	1.39216
7.1651	1.4902
7.16818	1.43137
7.17126	1.43137
7.17433	1.60784
7.17741	1.94118
7.18049	2.23529
7.18357	2.31373
7.18665	2.19608
7.18973	2
7.1928	1.94118
7.19588	2.09804
7.19896	2.39216
7.20204	2.58824
7.20512	2.4902
7.2082	2.23529
7.21128	2
7.21435	2.01961
7.21743	2.56863
7.22051	2.70588
7.22359	2.62745
7.22667	2.45098
7.22975	2.33333
7.23282	2.43137
7.2359	2.70588
7.23898	2.96078
7.24206	2.98039
7.24514	2.80392
7.24822	2.58824
7.2513	2.5098
7.25437	2.66667
7.25745	2.94118
7.26053	3.03922
7.26361	2.78431
7.26669	2.60784
7.26977	2.52941
7.27284	2.68627
7.27592	3
7.279	3.09804
7.28208	2.94118
7.28516	2.68627
7.28824	2.5098
7.29132	2.58824
7.29439	2.84314
7.29747	3.05882
7.30055	3.07843
7.30363	2.58824
7.30671	2.5098
7.30979	2.66667
7.31286	2.96078
7.31594	3.13725
7.31902	3.05882
7.3221	2.78431
7.32518	2.58824
7.32826	2.56863
7.33134	2.78431
7.33441	3.01961
7.33749	3.09804
7.34057	2.92157
7.34365	2.66667
7.34673	2.58824
7.34981	2.84314
7.35288	3.05882
7.35596	3.01961
7.35904	2.7451
7.36212	2.5098
7.3652	2.39216
7.36828	2.5098
7.37136	2.76471
7.37443	2.92157
7.37751	2.82353
7.38059	2.58824
7.38367	2.39216
7.38675	2.37255
7.38983	2.80392
7.3929	2.86275
7.39598	2.72549
7.39906	2.47059
7.40214	2.31373
7.40522	2.35294
7.4083	2.60784
7.41138	2.78431
7.41445	2.80392
7.41753	2.54902
7.42061	2.29412
7.42369	2.17647
7.42677	2.29412
7.42985	2.52941
7.43292	2.56863
7.436	2.35294
7.43908	2.17647
7.44216	2.17647
7.44524	2.37255
7.44832	2.62745
7.4514	2.66667
7.45447	2.52941
7.45755	2.33333
7.46063	2.23529
7.46371	2.33333
7.46679	2.62745
7.46989	2.94118
7.47299	2.92157
7.47609	2.29412
7.47919	2.15686
7.48229	2.31373
7.4854	2.60784
7.4885	2.76471
7.4916	2.66667
7.4947	2.47059
7.4978	2.33333
7.5009	2.35294
7.504	2.52941
7.5071	2.7451
7.51021	2.76471
7.51331	2.60784
7.51641	2.35294
7.51951	2.21569
7.52261	2.27451
7.52571	2.52941
7.52881	2.76471
7.53192	2.80392
7.53502	2.62745
7.53812	2.39216
7.54122	2.29412
7.54432	2.37255
7.54742	2.64706
7.55052	2.84314
7.55363	2.82353
7.55673	2.58824
7.55983	2.41176
7.56293	2.41176
7.56603	2.62745
7.56913	2.94118
7.57223	3.03922
7.57533	2.92157
7.57844	2.68627
7.58154	2.60784
7.58464	2.68627
7.58774	2.92157
7.59084	3.07843
7.59394	3.01961
7.59704	2.84314
7.60015	2.64706
7.60325	2.58824
7.60635	2.66667
7.60945	2.92157
7.61255	3.01961
7.61565	2.86275
7.61875	2.60784
7.62185	2.43137
7.62496	2.39216
7.62806	2.52941
7.63116	2.72549
7.63426	2.7451
7.63736	2.56863
7.64046	2.31373
7.64356	2.19608
7.64667	2.2549
7.64977	2.47059
7.65287	2.66667
7.65597	2.66667
7.65907	2.47059
7.66217	2.29412
7.66527	2.27451
7.66838	2.47059
7.67148	2.72549
7.67458	2.82353
7.67768	2.70588
7.68078	2.47059
7.68388	2.29412
7.68698	2.29412
7.69008	2.47059
7.69319	2.76471
7.69629	2.60784
7.69939	2.39216
7.70249	2.27451
7.70559	2.37255
7.70869	2.62745
7.71179	2.80392
7.7149	2.68627
7.718	2.45098
7.7211	2.21569
7.7242	2.15686
7.7273	2.31373
7.7304	2.56863
7.7335	2.66667
7.7366	2.37255
7.73971	2.23529
7.74281	2.23529
7.74591	2.45098
7.74901	2.70588
7.75211	2.76471
7.75521	2.60784
7.75831	2.39216
7.76142	2.2549
7.76452	2.37255
7.76762	2.66667
7.77072	2.88235
7.77382	2.82353
7.77692	2.60784
7.78002	2.39216
7.78312	2.4902
7.78621	2.68627
7.7893	2.68627
7.79239	2.56863
7.79548	2.41176
7.79857	2.31373
7.80167	2.31373
7.80476	2.47059
7.80785	2.64706
7.81094	2.66667
7.81403	2.4902
7.81713	2.27451
7.82022	2.17647
7.82331	2.54902
7.8264	2.76471
7.82949	2.70588
7.83258	2.47059
7.83568	2.27451
7.83877	2.27451
7.84186	2.47059
7.84495	2.7451
7.84804	2.84314
7.85114	2.7451
7.85423	2.4902
7.85732	2.31373
7.86041	2.27451
7.8635	2.45098
7.86659	2.7451
7.86969	2.54902
7.87278	2.27451
7.87587	2.17647
7.87896	2.2549
7.88205	2.52941
7.88515	2.70588
7.88824	2.64706
7.89133	2.39216
7.89442	2.17647
7.89751	2.13725
7.9006	2.31373
7.9037	2.58824
7.90679	2.68627
7.90988	2.33333
7.91297	2.17647
7.91606	2.17647
7.91916	2.43137
7.92225	2.68627
7.92534	2.7451
7.92843	2.52941
7.93152	2.29412
7.93461	2.19608
7.93771	2.31373
7.9408	2.52941
7.94389	2.70588
7.94698	2.62745
7.95007	2.35294
7.95317	2.09804
7.95626	2.2549
7.95935	2.52941
7.96244	2.64706
7.96553	2.52941
7.96862	2.23529
7.97172	2.01961
7.97481	2.01961
7.9779	2.29412
7.98099	2.56863
7.98408	2.64706
7.98717	2.45098
7.99027	2.17647
7.99336	2.03922
7.99645	2.09804
7.99954	2.39216
8.00263	2.62745
8.00573	2.54902
8.00882	2.2549
8.01191	2.03922
8.015	2
8.01809	2.19608
8.02118	2.43137
8.02428	2.4902
8.02737	2.27451
8.03046	2.07843
8.03355	2
8.03664	2.09804
8.03974	2.27451
8.04283	2.5098
8.04592	2.60784
8.04901	2.39216
8.0521	2.11765
8.05519	2.01961
8.05829	2.15686
8.06138	2.37255
8.06447	2.58824
8.06756	2.4902
8.07065	2.2549
8.07375	2.05882
8.07684	2.03922
8.07993	2.17647
8.08302	2.45098
8.08611	2.58824
8.0892	2.45098
8.0923	2.19608
8.09538	2.03922
8.09847	2.11765
8.10155	2.39216
8.10464	2.60784
8.10773	2.56863
8.11081	2.35294
8.1139	2.13725
8.11699	2.07843
8.12007	2.23529
8.12316	2.47059
8.12624	2.60784
8.12933	2.5098
8.13242	2.27451
8.1355	2.09804
8.13859	2.13725
8.14167	2.33333
8.14476	2.58824
8.14785	2.60784
8.15093	2.43137
8.15402	2.21569
8.1571	2.13725
8.16019	2.21569
8.16328	2.37255
8.16636	2.58824
8.16945	2.4902
8.17253	2.27451
8.17562	2.17647
8.17871	2.29412
8.18179	2.5098
8.18488	2.64706
8.18797	2.58824
8.19105	2.37255
8.19414	2.19608
8.19722	2.17647
8.20031	2.35294
8.2034	2.64706
8.20648	2.70588
8.20957	2.58824
8.21265	2.23529
8.21574	2.27451
8.21883	2.47059
8.22191	2.66667
8.225	2.68627
8.22808	2.4902
8.23117	2.31373
8.23426	2.2549
8.23734	2.35294
8.24043	2.52941
8.24352	2.60784
8.2466	2.52941
8.24969	2.29412
8.25277	2.13725
8.25586	2.39216
8.25895	2.64706
8.26203	2.7451
8.26512	2.62745
8.2682	2.37255
8.27129	2.23529
8.27438	2.29412
8.27746	2.52941
8.28055	2.70588
8.28363	2.66667
8.28672	2.52941
8.28981	2.35294
8.29289	2.27451
8.29598	2.29412
8.29906	2.62745
8.30215	2.54902
8.30524	2.31373
8.30832	2.09804
8.31141	2.05882
8.3145	2.13725
8.31758	2.33333
8.32067	2.39216
8.32375	2.29412
8.32684	2.07843
8.32993	2
8.33301	2.01961
8.3361	2.23529
8.33918	2.45098
8.34227	2.15686
8.34536	1.98039
8.34844	1.92157
8.35153	2.03922
8.35461	2.2549
8.3577	2.41176
8.36079	2.37255
8.36387	2.19608
8.36696	2.03922
8.37004	1.98039
8.37313	2.11765
8.37622	2.41176
8.3793	2.52941
8.38239	2.43137
8.38548	2.13725
8.38856	2.19608
8.39165	2.39216
8.39473	2.56863
8.39782	2.56863
8.40091	2.43137
8.40399	2.27451
8.40708	2.17647
8.41019	2.2549
8.4133	2.37255
8.41641	2.35294
8.41952	2.07843
8.42263	2.05882
8.42574	2
8.42885	2.31373
8.43196	2.62745
8.43508	2.76471
8.43819	2.66667
8.4413	2.47059
8.44441	2.37255
8.44752	2.43137
8.45063	2.56863
8.45374	2.72549
8.45685	2.7451
8.45996	2.58824
8.46307	2.41176
8.46618	2.31373
8.4693	2.39216
8.47241	2.62745
8.47552	2.78431
8.47863	2.78431
8.48174	2.66667
8.48485	2.47059
8.48796	2.33333
8.49107	2.41176
8.49418	2.66667
8.49729	2.82353
8.5004	2.78431
8.50352	2.64706
8.50663	2.54902
8.50974	2.58824
8.51285	2.78431
8.51596	3
8.51907	3.05882
8.52218	2.92157
8.52529	2.72549
8.5284	2.64706
8.53151	2.7451
8.53462	2.96078
8.53773	3.11765
8.54085	3.09804
8.54396	2.94118
8.54707	2.7451
8.55018	2.68627
8.55329	2.86275
8.5564	3.11765
8.55951	3.19608
8.56262	3.07843
8.56573	2.86275
8.56884	2.70588
8.57195	2.7451
8.57507	2.92157
8.57818	3.09804
8.58129	3.07843
8.5844	2.88235
8.58751	2.66667
8.59062	2.54902
8.59373	2.62745
8.59684	2.84314
8.59995	2.96078
8.60306	2.86275
8.60617	2.64706
8.60929	2.5098
8.6124	2.52941
8.61551	2.72549
8.61862	2.94118
8.62173	3.01961
8.62484	2.86275
8.62795	2.58824
8.63106	2.41176
8.63417	2.5098
8.63728	2.76471
8.64039	3.01961
8.64351	3.05882
8.64662	2.70588
8.64973	2.66667
8.65284	2.86275
8.65595	3.19608
8.65906	3.39216
8.66217	3.33333
8.66528	3.09804
8.66839	2.94118
8.6715	2.94118
8.67461	3.09804
8.67772	3.35294
8.68084	3.29412
8.68395	3.03922
8.68706	2.78431
8.69017	2.7451
8.69328	3
8.69639	3.19608
8.6995	3.13725
8.70261	2.86275
8.70572	2.58824
8.70883	2.43137
8.71194	2.5098
8.71506	2.80392
8.71817	3
8.72128	2.96078
8.72439	2.68627
8.72747	2.4902
8.73055	2.54902
8.73363	3.33333
8.73672	3.5098
8.7398	3.41176
8.74288	3.11765
8.74596	2.96078
8.74905	3.07843
8.75213	3.41176
8.75521	3.68627
8.75829	3.62745
8.76138	3.31373
8.76446	2.94118
8.76754	2.76471
8.77062	2.92157
8.7737	3.21569
8.77679	3.03922
8.77987	2.66667
8.78295	2.41176
8.78603	2.41176
8.78912	2.66667
8.7922	2.96078
8.79528	2.98039
8.79836	2.7451
8.80145	2.4902
8.80453	2.33333
8.80761	2.45098
8.81069	2.80392
8.81377	3.03922
8.81686	2.98039
8.81994	2.43137
8.82302	2.43137
8.8261	2.76471
8.82919	3.29412
8.83227	3.60784
8.83535	3.62745
8.83843	3.62745
8.84151	4
8.8446	5
8.84768	5
8.85076	5
8.85384	5
8.85693	5
8.86001	5
8.86309	0
8.86617	0.0588235
8.86926	0
8.87234	0
8.87542	0
8.8785	0
8.88158	0
8.88467	0
8.88775	0
8.89083	0
8.89391	0
8.897	0
8.90008	0
8.90316	0.215686
8.90624	3.19608
8.90932	5
8.91241	5
8.91549	5
8.91857	5
8.92165	5
8.92474	5
8.92782	5
8.9309	5
8.93398	5
8.93707	5
8.94015	5
8.94323	5
8.94631	5
8.94939	5
8.95248	5
8.95556	5
8.95864	5
8.96172	5
8.96481	5
8.96789	5
8.97097	5
8.97405	5
8.97713	5
8.98022	3.39216
8.9833	0
8.98638	0
8.98946	0
8.99255	0
8.99563	0
8.99871	0
9.00179	0
9.00488	0
9.00796	0
9.01104	0
9.01412	0
9.0172	0
9.02029	0
9.02337	0
9.02645	0
9.02953	0
9.03262	0
9.0357	0
9.03878	0
9.04186	0
9.04494	0
9.04803	0
9.05111	0
9.05419	0
9.05727	0
9.06036	0
9.06344	0
9.06652	0
9.0696	0
9.07269	0
9.07577	0
9.07885	0
9.08193	0
9.08501	0
9.0881	0
9.09118	0
9.09426	0
9.09734	0
9.10043	0
9.10351	0
9.10659	0
9.10967	0
9.11275	0
9.11584	0
9.11892	0
9.122	0
9.12508	0
9.12817	0
9.13125	0
9.13433	0
9.13741	0
9.1405	0
9.14358	0
9.14666	0
9.14974	0
9.15282	0
9.15591	0
9.15899	0
9.16207	0
9.16515	0
9.16824	0
9.17132	0
9.1744	0
9.17748	0
9.18056	0
9.18365	0
9.18673	0
9.18981	0
9.19289	0
9.19598	0
9.19906	0
9.20214	0
9.20522	0
9.20831	0
9.21139	0
9.21447	0
9.21755	0
9.22063	0
9.22372	0
9.2268	0
9.22988	0
9.23296	0
9.23605	0
9.23913	0
9.24221	0
9.24529	0
9.24837	0
9.25146	0
9.25454	0
9.25762	0
9.2607	0
9.26379	0
9.26687	0
9.26995	0
9.27303	0
9.27612	0
9.2792	0
9.28228	0
9.28536	0
9.28844	0
9.29153	0
9.29461	0
9.29769	0
9.30077	0
9.30386	0
9.30694	0
9.31002	0
9.3131	0
9.31618	0
9.31927	0
9.32235	0
9.32543	0
9.32851	0
9.3316	0
9.33468	0
9.33776	0
9.34084	0
9.34393	0
9.34701	0
9.35013	0
9.35325	0
9.35637	0
9.3595	0
9.36262	0
9.36574	0
9.36886	0
9.37199	0
9.37511	0
9.37823	0
9.38135	0.0980392
9.38448	0.294118
9.3876	0.490196
9.39072	0.72549
9.39384	1
9.39697	1.47059
9.40009	2.07843
9.40321	2.52941
9.40633	2.66667
9.40945	2.60784
9.41258	2.58824
9.4157	2.70588
9.41882	3.05882
9.42194	3.47059
9.42507	3.56863
9.42819	3.37255
9.43131	3.09804
9.43443	2.96078
9.43756	3.09804
9.44068	3.45098
9.4438	3.72549
9.44692	3.66667
9.45004	3.37255
9.45317	3.11765
9.45629	3.03922
9.45941	3.23529
9.46253	3.60784
9.46566	3.76471
9.46878	3.58824
9.4719	3.29412
9.47502	3.05882
9.47815	3.05882
9.48127	3.31373
9.48439	3.60784
9.48751	3.62745
9.49063	3.35294
9.49376	3
9.49688	2.82353
9.5	2.90196
9.50312	3.19608
9.50625	3.45098
9.50937	3.39216
9.51249	3.07843
9.51561	2.78431
9.51874	2.72549
9.52186	2.92157
9.52498	3.27451
9.5281	3.45098
9.53123	3.27451
9.53435	2.96078
9.53747	2.7451
9.54059	2.62745
9.54371	2.78431
9.54684	3.03922
9.54996	3.03922
9.55308	2.78431
9.5562	2.35294
9.55933	2.47059
9.56245	2.78431
9.56557	3.03922
9.56869	3
9.57182	2.76471
9.57494	2.5098
9.57806	2.43137
9.58118	2.60784
9.5843	2.92157
9.58743	3.07843
9.59055	2.96078
9.59367	2.68627
9.59679	2.45098
9.59992	2.70588
9.60304	2.98039
9.60616	3.01961
9.60928	2.82353
9.61241	2.54902
9.61553	2.41176
9.61865	2.52941
9.62177	2.80392
9.6249	3.01961
9.62802	2.92157
9.63114	2.64706
9.63426	2.37255
9.63738	2.29412
9.64051	2.45098
9.64363	2.82353
9.64675	2.64706
9.64987	2.35294
9.653	2.11765
9.65612	2.09804
9.65924	2.31373
9.66236	2.58824
9.66549	2.62745
9.66857	2.45098
9.67166	2.21569
9.67475	2.09804
9.67784	2.17647
9.68093	2.43137
9.68401	2.62745
9.6871	2.39216
9.69019	2.17647
9.69328	2.15686
9.69637	2.37255
9.69945	2.66667
9.70254	2.7451
9.70563	2.62745
9.70872	2.37255
9.71181	2.21569
9.71489	2.21569
9.71798	2.4902
9.72107	2.82353
9.72416	2.90196
9.72725	2.70588
9.73033	2.27451
9.73342	2.35294
9.73651	2.62745
9.7396	2.82353
9.74269	2.76471
9.74577	2.52941
9.74886	2.27451
9.75195	2.19608
9.75504	2.35294
9.75813	2.64706
9.76121	2.78431
9.7643	2.64706
9.76739	2.39216
9.77048	2.2549
9.77357	2.54902
9.77665	2.82353
9.77974	2.88235
9.78283	2.70588
9.78592	2.45098
9.78901	2.35294
9.79209	2.4902
9.79518	2.78431
9.79827	3.01961
9.80136	2.96078
9.80445	2.76471
9.80753	2.56863
9.81062	2.5098
9.81371	2.70588
9.8168	3.07843
9.81989	2.94118
9.82297	2.70588
9.82606	2.52941
9.82915	2.52941
9.83224	2.70588
9.83533	2.96078
9.83841	2.96078
9.8415	2.7451
9.84459	2.47059
9.84768	2.35294
9.85077	2.47059
9.85385	2.7451
9.85694	2.96078
9.86003	2.92157
9.86312	2.72549
9.86621	2.58824
9.86929	2.68627
9.87238	3.13725
9.87547	3.64706
9.87856	3.86275
9.88165	3.82353
9.88473	3.4902
9.88782	3.29412
9.89091	3.35294
9.894	3.58824
9.89709	3.76471
9.90017	3.70588
9.90326	3.39216
9.90635	2.98039
9.90944	2.7451
9.91253	2.80392
9.91561	3.01961
9.9187	3.15686
9.92179	2.98039
9.92488	2.68627
9.92797	2.4902
9.93105	2.43137
9.93414	2.62745
9.93723	2.88235
9.94032	2.92157
9.94341	2.7451
9.94649	2.45098
9.94958	2.31373
9.95267	2.41176
9.95576	2.68627
9.95885	2.94118
9.96193	2.98039
9.96502	2.7451
9.96811	2.52941
9.9712	2.41176
9.97429	2.68627
9.97737	3.01961
9.98046	3.13725
9.98355	3
9.98663	2.70588
9.98972	2.60784
9.9928	2.68627
9.99589	2.98039
9.99898	3.27451
10.0021	3.2549
10.0051	2.90196
10.0082	2.60784
10.0113	2.39216
10.0144	2.47059
10.0175	2.62745
10.0206	2.7451
10.0237	2.68627
10.0268	2.39216
10.0298	2.05882
10.0329	2.05882
10.036	2.35294
10.0391	2.4902
10.0422	2.39216
10.0453	2.15686
10.0484	1.98039
10.0514	2
10.0545	2.29412
10.0576	2.60784
10.0607	2.70588
10.0638	2.47059
10.0669	2.15686
10.07	1.98039
10.073	2.05882
10.0761	2.66667
10.0792	2.68627
10.0823	2.47059
10.0854	2.2549
10.0885	2.2549
10.0916	2.39216
10.0946	2.60784
10.0977	2.78431
10.1008	2.64706
10.1039	2.33333
10.107	2.09804
10.1101	2.07843
10.1132	2.27451
10.1162	2.58824
10.1193	2.43137
10.1224	2.09804
10.1255	1.92157
10.1286	2
10.1317	2.31373
10.1348	2.54902
10.1378	2.4902
10.1409	2.19608
10.144	1.90196
10.1471	1.82353
10.1502	1.98039
10.1533	2.31373
10.1564	2.5098
10.1595	2.41176
10.1625	1.88235
10.1656	1.86275
10.1687	2.09804
10.1718	2.37255
10.1749	2.45098
10.178	2.27451
10.1811	1.98039
10.1841	1.84314
10.1872	1.92157
10.1903	2.21569
10.1934	2.4902
10.1965	2.47059
10.1996	2.15686
10.2027	1.86275
10.2057	1.94118
10.2088	2.2549
10.2119	2.43137
10.215	2.31373
10.2181	2.03922
10.2212	1.84314
10.2243	1.90196
10.2273	2.13725
10.2304	2.43137
10.2335	2.47059
10.2366	2.23529
10.2397	1.94118
10.2428	1.78431
10.2459	1.88235
10.2489	2.39216
10.252	2.37255
10.2551	2.11765
10.2582	1.90196
10.2613	1.82353
10.2644	2
10.2675	2.29412
10.2706	2.47059
10.2736	2.33333
10.2767	2.07843
10.2798	1.88235
10.2829	1.88235
10.286	2.11765
10.2891	2.43137
10.2922	2.31373
10.2953	2.01961
10.2984	1.86275
10.3016	1.90196
10.3047	2.15686
10.3078	2.43137
10.3109	2.47059
10.3141	2.31373
10.3172	2.03922
10.3203	1.94118
10.3234	2.09804
10.3266	2.39216
10.3297	2.56863
10.3328	2.41176
10.3359	2.19608
10.3391	2.03922
10.3422	2.07843
10.3453	2.27451
10.3484	2.5098
10.3516	2.54902
10.3547	2.33333
10.3578	2.07843
10.3609	1.96078
10.364	2.11765
10.3672	2.43137
10.3703	2.66667
10.3734	2.64706
10.3765	2.43137
10.3797	2.17647
10.3828	2.09804
10.3859	2.23529
10.389	2.5098
10.3922	2.62745
10.3953	2.52941
10.3984	2.29412
10.4015	2.13725
10.4047	2.13725
10.4078	2.33333
10.4109	2.58824
10.414	2.64706
10.4172	2.4902
10.4203	2.2549
10.4234	2.17647
10.4265	2.29412
10.4297	2.56863
10.4328	2.7451
10.4359	2.66667
10.439	2.41176
10.4422	2.19608
10.4453	2.17647
10.4484	2.37255
10.4515	2.64706
10.4547	2.78431
10.4578	2.68627
10.4609	2.43137
10.464	2.2549
10.4671	2.19608
10.4703	2.41176
10.4734	2.72549
10.4765	2.84314
10.4796	2.68627
10.4828	2.43137
10.4859	2.31373
10.489	2.35294
10.4921	2.58824
10.4953	2.72549
10.4984	2.68627
10.5015	2.5098
10.5046	2.35294
10.5078	2.31373
10.5109	2.66667
10.514	2.78431
10.5171	2.68627
10.5203	2.41176
10.5234	2.2549
10.5265	2.27451
10.5296	2.47059
10.5328	2.70588
10.5359	2.7451
10.539	2.58824
10.5421	2.33333
10.5453	2.19608
10.5484	2.29412
10.5515	2.54902
10.5546	2.70588
10.5578	2.47059
10.5609	2.2549
10.564	2.13725
10.5671	2.29412
10.5702	2.56863
10.5734	2.66667
10.5765	2.5098
10.5796	2.2549
10.5827	2.11765
10.5859	2.15686
10.589	2.39216
10.5921	2.64706
10.5952	2.66667
10.5984	2.29412
10.6015	2.21569
10.6046	2.31373
10.6077	2.52941
10.6108	2.70588
10.6139	2.66667
10.617	2.47059
10.6201	2.2549
10.6232	2.21569
10.6263	2.39216
10.6294	2.62745
10.6324	2.70588
10.6355	2.60784
10.6386	2.37255
10.6417	2.2549
10.6448	2.43137
10.6479	2.64706
10.651	2.66667
10.6541	2.52941
10.6571	2.31373
10.6602	2.21569
10.6633	2.29412
10.6664	2.4902
10.6695	2.70588
10.6726	2.68627
10.6757	2.4902
10.6788	2.27451
10.6819	2.2549
10.6849	2.62745
10.688	2.70588
10.6911	2.60784
10.6942	2.39216
10.6973	2.2549
10.7004	2.27451
10.7035	2.4902
10.7066	2.70588
10.7096	2.72549
10.7127	2.54902
10.7158	2.33333
10.7189	2.21569
10.722	2.29412
10.7251	2.52941
10.7282	2.64706
10.7313	2.41176
10.7343	2.21569
10.7374	2.17647
10.7405	2.35294
10.7436	2.60784
10.7467	2.72549
10.7498	2.60784
10.7529	2.33333
10.756	2.11765
10.7591	2.17647
10.7621	2.45098
10.7652	2.72549
10.7683	2.7451
10.7714	2.54902
10.7745	2.27451
10.7776	2.13725
10.7807	2.21569
10.7838	2.47059
10.7868	2.64706
10.7899	2.62745
10.793	2.39216
10.7961	2.21569
10.7992	2.17647
10.8023	2.35294
10.8054	2.58824
10.8085	2.68627
10.8115	2.58824
10.8146	2.39216
10.8177	2.27451
10.8208	2.27451
10.8239	2.45098
10.827	2.62745
10.8301	2.64706
10.8332	2.5098
10.8363	2.33333
10.8393	2.2549
10.8424	2.33333
10.8455	2.52941
10.8486	2.64706
10.8517	2.60784
10.8548	2.43137
10.8579	2.2549
10.861	2.21569
10.864	2.35294
10.8671	2.58824
10.8702	2.64706
10.8733	2.56863
10.8764	2.39216
10.8795	2.2549
10.8826	2.2549
10.8857	2.45098
10.8887	2.62745
10.8918	2.60784
10.8949	2.43137
10.898	2.29412
10.9011	2.27451
10.9042	2.33333
10.9073	2.5098
10.9104	2.66667
10.9135	2.66667
10.9165	2.4902
10.9196	2.31373
10.9227	2.2549
10.9258	2.39216
10.9289	2.60784
10.9319	2.70588
10.935	2.60784
10.9381	2.43137
10.9411	2.35294
10.9442	2.41176
10.9473	2.56863
10.9504	2.78431
10.9534	2.76471
10.9565	2.56863
10.9596	2.35294
10.9626	2.2549
10.9657	2.39216
10.9688	2.62745
10.9718	2.78431
10.9749	2.72549
10.978	2.54902
10.9811	2.41176
10.9841	2.39216
10.9872	2.5098
10.9903	2.84314
10.9933	2.72549
10.9964	2.5098
10.9995	2.37255
11.0026	2.41176
11.0056	2.58824
11.0087	2.76471
11.0118	2.78431
11.0148	2.64706
11.0179	2.45098
11.021	2.31373
11.0241	2.29412
11.0271	2.45098
11.0302	2.66667
11.0333	2.5098
11.0363	2.37255
11.0394	2.35294
11.0425	2.4902
11.0455	2.72549
11.0486	2.80392
11.0517	2.70588
11.0548	2.5098
11.0578	2.39216
11.0609	2.43137
11.064	2.62745
11.067	2.84314
11.0701	2.88235
11.0732	2.72549
11.0763	2.41176
11.0793	2.5098
11.0824	2.72549
11.0855	2.90196
11.0885	2.80392
11.0916	2.56863
11.0947	2.37255
11.0978	2.35294
11.1008	2.52941
11.1039	2.7451
11.107	2.84314
11.11	2.76471
11.1131	2.60784
11.1162	2.47059
11.1192	2.7451
11.1223	2.90196
11.1254	2.88235
11.1285	2.70588
11.1315	2.4902
11.1346	2.39216
11.1377	2.47059
11.1407	2.68627
11.1438	2.86275
11.1469	2.80392
11.15	2.56863
11.153	2.39216
11.1561	2.33333
11.1592	2.45098
11.1622	2.78431
11.1653	2.66667
11.1684	2.4902
11.1715	2.33333
11.1745	2.39216
11.1776	2.62745
11.1807	2.80392
11.1837	2.82353
11.1868	2.64706
11.1899	2.45098
11.1929	2.35294
11.196	2.4902
11.1991	2.72549
11.2022	2.84314
11.2052	2.5098
11.2083	2.31373
11.2114	2.23529
11.2144	2.39216
11.2175	2.68627
11.2206	2.7451
11.2237	2.60784
11.2267	2.37255
11.2298	2.21569
11.2329	2.2549
11.236	2.43137
11.2391	2.62745
11.2422	2.62745
11.2453	2.45098
11.2485	2.23529
11.2516	2.15686
11.2547	2.27451
11.2578	2.47059
11.2609	2.62745
11.264	2.56863
11.2672	2.39216
11.2703	2.23529
11.2734	2.21569
11.2765	2.41176
11.2796	2.64706
11.2827	2.68627
11.2859	2.54902
11.289	2.33333
11.2921	2.17647
11.2952	2.2549
11.2983	2.47059
11.3014	2.64706
11.3046	2.64706
11.3077	2.4902
11.3108	2.27451
11.3139	2.19608
11.317	2.29412
11.3201	2.5098
11.3233	2.64706
11.3264	2.58824
11.3295	2.41176
11.3326	2.23529
11.3357	2.15686
11.3388	2.31373
11.342	2.4902
11.3451	2.54902
11.3482	2.43137
11.3513	2.23529
11.3544	2.13725
11.3575	2.21569
11.3607	2.45098
11.3638	2.66667
11.3669	2.62745
11.37	2.47059
11.3731	2.29412
11.3762	2.2549
11.3794	2.37255
11.3825	2.60784
11.3856	2.78431
11.3887	2.7451
11.3918	2.52941
11.3949	2.35294
11.3981	2.33333
11.4012	2.4902
11.4043	2.70588
11.4074	2.76471
11.4105	2.66667
11.4136	2.45098
11.4167	2.33333
11.4199	2.39216
11.423	2.78431
11.4261	2.78431
11.4292	2.62745
11.4323	2.45098
11.4354	2.41176
11.4386	2.54902
11.4417	2.78431
11.4448	2.94118
11.4479	2.88235
11.451	2.66667
11.4541	2.54902
11.4573	2.5098
11.4604	2.70588
11.4635	2.92157
11.4666	2.80392
11.4697	2.58824
11.4728	2.45098
11.476	2.5098
11.4791	2.72549
11.4822	2.88235
11.4853	2.88235
11.4884	2.68627
11.4915	2.4902
11.4947	2.41176
11.4978	2.52941
11.5009	2.7451
11.504	2.88235
11.5071	2.80392
11.5102	2.41176
11.5134	2.39216
11.5165	2.54902
11.5196	2.80392
11.5227	2.86275
11.5258	2.70588
11.5289	2.5098
11.5321	2.37255
11.5352	2.43137
11.5383	2.64706
11.5414	2.86275
11.5445	2.84314
11.5476	2.64706
11.5507	2.45098
11.5538	2.5098
11.5569	2.72549
11.56	2.84314
11.563	2.7451
11.5661	2.5098
11.5692	2.31373
11.5723	2.31373
11.5754	2.47059
11.5784	2.70588
11.5815	2.7451
11.5846	2.56863
11.5877	2.35294
11.5907	2.19608
11.5938	2.27451
11.5969	2.70588
11.6	2.70588
11.6031	2.5098
11.6061	2.31373
11.6092	2.27451
11.6123	2.41176
11.6154	2.66667
11.6185	2.80392
11.6215	2.70588
11.6246	2.4902
11.6277	2.33333
11.6308	2.35294
11.6338	2.52941
11.6369	2.78431
11.64	2.64706
11.6431	2.43137
11.6462	2.27451
11.6492	2.35294
11.6523	2.60784
11.6554	2.84314
11.6585	2.80392
11.6616	2.58824
11.6646	2.39216
11.6677	2.35294
11.6708	2.54902
11.6739	2.82353
11.6769	2.96078
11.68	2.84314
11.6831	2.41176
11.6862	2.41176
11.6893	2.62745
11.6923	2.90196
11.6954	2.94118
11.6985	2.76471
11.7016	2.5098
11.7046	2.41176
11.7077	2.54902
11.7108	2.80392
11.7139	3
11.717	2.94118
11.72	2.68627
11.7231	2.47059
11.7262	2.43137
11.7293	2.60784
11.7324	2.88235
11.7354	3.01961
11.7385	2.90196
11.7416	2.62745
11.7447	2.43137
11.7477	2.4902
11.7508	2.76471
11.7539	3.01961
11.757	3.03922
11.7601	2.86275
11.7631	2.60784
11.7662	2.47059
11.7693	2.60784
11.7724	2.90196
11.7755	3.11765
11.7785	3.13725
11.7816	2.94118
11.7847	2.78431
11.7878	2.80392
11.7908	3.05882
11.7939	3.39216
11.797	3.56863
11.8001	3.5098
11.8032	3.37255
11.8062	3.43137
11.8093	3.94118
11.8124	5
11.8155	5
11.8186	5
11.8216	5
11.8247	5
11.8278	3.11765
11.8309	0
11.8339	0
11.837	0
11.8401	0
11.8432	0
11.8463	0
11.8493	0
11.8524	0
11.8555	0
11.8586	0
11.8617	0
11.8647	0
11.8678	0
11.8709	0
11.874	0
11.8771	0
11.8801	0
11.8832	0
11.8863	0
11.8894	0
11.8925	0
11.8955	0.117647
11.8986	0.117647
11.9017	0
11.9048	0
11.9079	0
11.9109	0.0588235
11.914	0.392157
11.9171	0.529412
11.9202	0.470588
11.9233	0.254902
11.9263	0.0980392
11.9294	0.215686
11.9325	0.607843
11.9356	1.13725
11.9387	1.5098
11.9417	1.27451
11.9448	1.29412
11.9479	1.5098
11.951	1.94118
11.9541	2.33333
11.9571	2.23529
11.9602	1.92157
11.9633	1.78431
11.9664	2.01961
11.9695	4.96078
11.9725	5
11.9756	5
11.9787	5
11.9818	5
11.9849	5
11.9879	5
11.991	5
11.9941	5
11.9972	3.76471
12.0003	0
12.0033	0
12.0064	0
12.0095	0
12.0126	0
12.0157	0
12.0188	0
12.0218	0
12.0249	0
12.028	0
12.0311	0
12.0342	0
12.0372	0
12.0403	0
12.0434	0
12.0465	0
12.0496	0
12.0526	0
12.0557	0
12.0588	0
12.0619	0
12.065	0
12.068	0
12.0711	0
12.0742	0
12.0773	0
12.0804	0
12.0834	0
12.0865	0
12.0896	0
12.0927	0
12.0958	0
12.0988	0
12.1019	0
12.105	0
12.1081	0
12.1112	0
12.1142	0
12.1173	0
12.1204	0
12.1235	0
12.1266	0
12.1296	0
12.1327	0
12.1358	0
12.1389	0
12.142	0
12.145	0.0588235
12.1481	0.0980392
12.1512	0
12.1543	0
12.1574	0
12.1604	0.0196078
12.1635	0.27451
12.1666	0.529412
12.1697	0.588235
12.1728	0.411765
12.1759	0.196078
12.179	0.156863
12.1821	0.352941
12.1852	0.686275
12.1883	0.921569
12.1914	0.862745
12.1945	0.666667
12.1976	0.529412
12.2007	0.529412
12.2038	0.764706
12.2069	1.09804
12.21	1.23529
12.2131	1.13725
12.2162	0.921569
12.2193	0.764706
12.2224	0.843137
12.2255	1.07843
12.2286	1.29412
12.2317	1.29412
12.2348	1.07843
12.2379	0.862745
12.241	0.784314
12.2441	0.941176
12.2472	1.21569
12.2503	1.41176
12.2534	1.35294
12.2565	1.17647
12.2596	1.01961
12.2627	1.01961
12.2658	1.21569
12.2689	1.47059
12.272	1.60784
12.2751	1.4902
12.2782	1.27451
12.2813	1.15686
12.2844	1.21569
12.2875	1.43137
12.2906	1.64706
12.2937	1.64706
12.2968	1.45098
12.2999	1.27451
12.303	1.21569
12.3061	1.35294
12.3092	1.58824
12.3124	1.7451
12.3155	1.66667
12.3186	1.5098
12.3217	1.35294
12.3248	1.37255
12.3279	1.54902
12.331	1.80392
12.3341	1.88235
12.3372	1.76471
12.3403	1.52941
12.3434	1.39216
12.3465	1.45098
12.3496	1.66667
12.3527	1.86275
12.3558	1.88235
12.3589	1.72549
12.362	1.52941
12.3651	1.43137
12.3682	1.56863
12.3713	1.82353
12.3744	1.94118
12.3775	1.62745
12.3806	1.4902
12.3837	1.5098
12.3868	1.70588
12.3899	2.01961
12.393	2.11765
12.3961	2
12.3992	1.76471
12.4023	1.62745
12.4054	1.62745
12.4085	1.7451
12.4116	1.86275
12.4147	1.82353
12.4178	1.60784
12.4209	1.2549
12.424	1.33333
12.4271	1.4902
12.4302	1.64706
12.4333	1.70588
12.4364	1.62745
12.4395	1.4902
12.4426	1.4902
12.4457	1.56863
12.4488	1.60784
12.4519	1.39216
12.455	1.09804
12.4581	0.843137
12.4612	0.72549
12.4643	1.03922
12.4674	1.15686
12.4705	1.07843
12.4736	0.901961
12.4767	0.686275
12.4798	0.607843
12.4829	0.686275
12.486	0.803922
12.4891	0.784314
12.4922	0.529412
12.4953	0.254902
12.4983	0.196078
12.5014	0.235294
12.5045	0.431373
12.5076	0.627451
12.5106	0.529412
12.5137	0.372549
12.5168	0.313726
12.5199	0.352941
12.5229	0.529412
12.526	0.588235
12.5291	0.647059
12.5322	0.745098
12.5353	0.803922
12.5383	0.901961
12.5414	1.15686
12.5445	1.27451
12.5476	1.41176
12.5506	1.54902
12.5537	1.60784
12.5568	1.92157
12.5599	2.39216
12.5629	2.88235
12.566	3.13725
12.5691	3.21569
12.5722	3.17647
12.5752	3.19608
12.5783	3.35294
12.5814	3.64706
12.5845	3.86275
12.5876	3.86275
12.5906	3.68627
12.5937	3.47059
12.5968	3.62745
12.5999	3.92157
12.6029	4.05882
12.606	3.96078
12.6091	3.72549
12.6122	3.54902
12.6152	3.58824
12.6183	3.80392
12.6214	4.05882
12.6245	4.09804
12.6275	3.92157
12.6306	3.66667
12.6337	3.56863
12.6368	3.64706
12.6399	3.88235
12.6429	4.01961
12.646	3.88235
12.6491	3.58824
12.6522	3.27451
12.6552	3.15686
12.6583	3.19608
12.6614	3.37255
12.6645	3.47059
12.6675	3.35294
12.6706	3.13725
12.6737	2.98039
12.6768	3
12.6798	3.2549
12.6829	3.52941
12.686	3.58824
12.6891	3.4902
12.6922	3.27451
12.6952	3.07843
12.6983	3.09804
12.7014	3.29412
12.7045	3.45098
12.7075	3.39216
12.7106	3.13725
12.7137	2.92157
12.7168	2.86275
12.7198	3.01961
12.7229	3.27451
12.726	3.37255
12.7291	3.23529
12.7322	2.96078
12.7352	2.76471
12.7383	2.76471
12.7414	2.94118
12.7445	3.13725
12.7475	3.13725
12.7506	2.94118
12.7537	2.68627
12.7568	2.52941
12.7598	2.60784
12.7629	2.82353
12.766	2.96078
12.7691	2.90196
12.7721	2.68627
12.7752	2.4902
12.7783	2.45098
12.7814	2.60784
12.7845	2.86275
12.7875	2.96078
12.7906	2.84314
12.7937	2.62745
12.7968	2.47059
12.7998	2.4902
12.8029	2.72549
12.806	2.92157
12.809	2.96078
12.8121	2.82353
12.8152	2.58824
12.8182	2.47059
12.8213	2.58824
12.8244	2.84314
12.8274	3.03922
12.8305	2.98039
12.8336	2.76471
12.8366	2.58824
12.8397	2.52941
12.8427	2.66667
12.8458	2.88235
12.8489	2.94118
12.8519	2.78431
12.855	2.37255
12.8581	2.39216
12.8611	2.54902
12.8642	2.76471
12.8673	2.76471
12.8703	2.60784
12.8734	2.39216
12.8765	2.31373
12.8795	2.43137
12.8826	2.68627
12.8857	2.84314
12.8887	2.76471
12.8918	2.58824
12.8949	2.43137
12.8979	2.56863
12.901	2.80392
12.904	2.88235
12.9071	2.76471
12.9102	2.54902
12.9132	2.41176
12.9163	2.47059
12.9194	2.70588
12.9224	2.86275
12.9255	2.84314
12.9286	2.64706
12.9316	2.43137
12.9347	2.33333
12.9378	2.43137
12.9408	2.80392
12.9439	2.68627
12.947	2.4902
12.95	2.29412
12.9531	2.23529
12.9562	2.35294
12.9592	2.56863
12.9623	2.64706
12.9654	2.5098
12.9684	2.29412
12.9715	2.15686
12.9745	2.19608
12.9776	2.41176
12.9807	2.58824
12.9837	2.47059
12.9868	2.33333
12.9899	2.29412
12.9929	2.43137
12.996	2.68627
12.9991	2.84314
13.0021	2.76471
13.0052	2.52941
13.0083	2.41176
13.0113	2.43137
13.0144	2.58824
13.0175	2.80392
13.0205	2.82353
13.0236	2.66667
13.0267	2.31373
13.0297	2.37255
13.0328	2.56863
13.0358	2.72549
13.0389	2.66667
13.042	2.4902
13.045	2.29412
13.0481	2.19608
13.0512	2.31373
13.0542	2.52941
13.0573	2.68627
13.0604	2.64706
13.0634	2.47059
13.0665	2.35294
13.0696	2.54902
13.0726	2.80392
13.0757	2.90196
13.0788	2.80392
13.0818	2.64706
13.0849	2.60784
13.088	2.78431
13.091	3.03922
13.0941	3.19608
13.0972	3.15686
13.1002	2.92157
13.1033	2.68627
13.1063	2.56863
13.1094	2.66667
13.1125	2.88235
13.1156	2.98039
13.1187	2.84314
13.1218	2.54902
13.1249	2.33333
13.128	2.27451
13.1311	2.43137
13.1342	2.66667
13.1373	2.7451
13.1404	2.60784
13.1435	2.43137
13.1466	2.31373
13.1497	2.41176
13.1528	2.62745
13.1559	2.78431
13.159	2.76471
13.1621	2.64706
13.1652	2.4902
13.1683	2.41176
13.1714	2.4902
13.1745	2.68627
13.1776	2.78431
13.1807	2.70588
13.1838	2.54902
13.1869	2.41176
13.19	2.39216
13.1931	2.5098
13.1962	2.7451
13.1993	2.7451
13.2024	2.58824
13.2055	2.35294
13.2086	2.2549
13.2117	2.35294
13.2148	2.56863
13.2179	2.76471
13.221	2.7451
13.2241	2.54902
13.2272	2.37255
13.2303	2.35294
13.2334	2.52941
13.2365	2.78431
13.2396	2.90196
13.2427	2.82353
13.2458	2.60784
13.2489	2.47059
13.252	2.4902
13.2551	2.66667
13.2582	2.86275
13.2612	2.88235
13.2643	2.78431
13.2674	2.62745
13.2705	2.54902
13.2736	2.58824
13.2767	2.80392
13.2798	2.96078
13.2829	2.94118
13.286	2.5098
13.2891	2.47059
13.2922	2.58824
13.2953	2.82353
13.2984	2.96078
13.3015	2.82353
13.3046	2.56863
13.3077	2.41176
13.3108	2.41176
13.3139	2.58824
13.317	2.80392
13.3201	2.82353
13.3232	2.56863
13.3263	2.35294
13.3294	2.41176
13.3325	2.66667
13.3356	2.86275
13.3387	2.84314
13.3418	2.62745
13.3449	2.39216
13.348	2.37255
13.3511	2.56863
13.3542	2.86275
13.3573	2.94118
13.3604	2.78431
13.3635	2.52941
13.3666	2.33333
13.3697	2.27451
13.3728	2.72549
13.3759	2.78431
13.379	2.58824
13.3821	2.29412
13.3852	2.15686
13.3883	2.2549
13.3914	2.4902
13.3945	2.66667
13.3976	2.60784
13.4007	2.33333
13.4038	2.11765
13.4069	2.09804
13.41	2.2549
13.4131	2.52941
13.4162	2.5098
13.4193	2.29412
13.4224	2.09804
13.4255	2.09804
13.4286	2.33333
13.4317	2.54902
13.4348	2.58824
13.4379	2.39216
13.441	2.17647
13.4441	2.07843
13.4471	2.19608
13.4502	2.47059
13.4533	2.56863
13.4564	2.5098
13.4595	2.11765
13.4626	2.07843
13.4657	2.23529
13.4688	2.4902
13.4719	2.56863
13.475	2.43137
13.478	2.15686
13.4811	1.96078
13.4842	1.94118
13.4873	2.15686
13.4904	2.47059
13.4935	2.54902
13.4966	2.41176
13.4997	2.11765
13.5028	2.11765
13.5059	2.39216
13.5089	2.52941
13.512	2.4902
13.5151	2.2549
13.5182	2.09804
13.5213	2.07843
13.5244	2.2549
13.5275	2.5098
13.5306	2.58824
13.5337	2.45098
13.5368	2.21569
13.5398	2.09804
13.5429	2.17647
13.546	2.58824
13.5491	2.60784
13.5522	2.41176
13.5553	2.17647
13.5584	2.11765
13.5615	2.2549
13.5646	2.52941
13.5677	2.66667
13.5707	2.56863
13.5738	2.31373
13.5769	2.09804
13.58	2.03922
13.5831	2.15686
13.5862	2.45098
13.5893	2.64706
13.5924	2.52941
13.5955	2.2549
13.5986	2.07843
13.6016	2.09804
13.6047	2.2549
13.6078	2.43137
13.6109	2.5098
13.614	2.37255
13.6171	2.13725
13.6202	1.98039
13.6233	2.11765
13.6264	2.39216
13.6295	2.56863
13.6325	2.4902
13.6356	2.2549
13.6387	2.05882
13.6418	2.03922
13.6449	2.21569
13.648	2.41176
13.6511	2.39216
13.6542	2.33333
13.6573	2.31373
13.6604	2.31373
13.6634	2.29412
13.6665	2.29412
13.6696	2.29412
13.6727	2.43137
13.6758	2.4902
13.6789	2.47059
13.682	2.35294
13.6851	2.33333
13.6882	2.54902
13.6913	2.72549
13.6943	2.68627
13.6974	2.43137
13.7005	2.23529
13.7036	2.19608
13.7067	2.33333
13.7098	2.58824
13.7129	2.64706
13.716	2.52941
13.7191	2.31373
13.7222	2.19608
13.7252	2.23529
13.7283	2.43137
13.7314	2.64706
13.7345	2.68627
13.7376	2.52941
13.7407	2.37255
13.7438	2.23529
13.7468	2.35294
13.7499	2.64706
13.753	2.84314
13.756	2.78431
13.7591	2.54902
13.7622	2.29412
13.7653	2.45098
13.7683	2.66667
13.7714	2.72549
13.7745	2.56863
13.7775	2.37255
13.7806	2.29412
13.7837	2.39216
13.7868	2.60784
13.7898	2.70588
13.7929	2.66667
13.796	2.5098
13.799	2.33333
13.8021	2.29412
13.8052	2.5098
13.8082	2.56863
13.8113	2.4902
13.8144	2.29412
13.8175	2.11765
13.8205	2.09804
13.8236	2.23529
13.8267	2.47059
13.8297	2.56863
13.8328	2.45098
13.8359	2.23529
13.839	2.11765
13.842	2.19608
13.8451	2.47059
13.8482	2.64706
13.8512	2.47059
13.8543	2.2549
13.8574	2.19608
13.8605	2.29412
13.8635	2.54902
13.8666	2.70588
13.8697	2.62745
13.8727	2.41176
13.8758	2.2549
13.8789	2.21569
13.8819	2.35294
13.885	2.58824
13.8881	2.62745
13.8912	2.33333
13.8942	2.27451
13.8973	2.27451
13.9004	2.41176
13.9034	2.54902
13.9065	2.52941
13.9096	2.37255
13.9127	2.27451
13.9157	2.23529
13.9188	2.33333
13.9219	2.52941
13.9249	2.64706
13.928	2.58824
13.9311	2.41176
13.9342	2.21569
13.9372	2.31373
13.9403	2.5098
13.9434	2.56863
13.9464	2.47059
13.9495	2.33333
13.9526	2.2549
13.9556	2.35294
13.9587	2.54902
13.9618	2.72549
13.9649	2.70588
13.9679	2.54902
13.971	2.35294
13.9741	2.27451
13.9771	2.60784
13.9802	2.70588
13.9833	2.60784
13.9864	2.41176
13.9894	2.27451
13.9925	2.23529
13.9956	2.37255
13.9986	2.52941
14.0017	2.4902
14.0048	2.27451
14.0079	2.11765
14.0109	2.13725
14.014	2.29412
14.0171	2.52941
14.0201	2.56863
14.0232	2.31373
14.0263	2.09804
14.0293	2.01961
14.0324	2.17647
14.0355	2.41176
14.0386	2.5098
14.0416	2.43137
14.0447	2.27451
14.0478	2.15686
14.0508	2.15686
14.0539	2.29412
14.057	2.5098
14.0602	2.58824
14.0633	2.5098
14.0664	2.37255
14.0695	2.33333
14.0726	2.45098
14.0758	2.62745
14.0789	2.82353
14.082	2.80392
14.0851	2.62745
14.0883	2.43137
14.0914	2.39216
14.0945	2.52941
14.0976	2.80392
14.1007	3.03922
14.1039	3
14.107	2.84314
14.1101	2.80392
14.1132	2.86275
14.1164	3.07843
14.1195	3.29412
14.1226	3.27451
14.1257	3.09804
14.1289	2.86275
14.132	2.66667
14.1351	2.68627
14.1382	2.84314
14.1413	2.96078
14.1445	2.92157
14.1476	2.7451
14.1507	2.54902
14.1538	2.47059
14.157	2.58824
14.1601	2.82353
14.1632	2.98039
14.1663	2.96078
14.1694	2.80392
14.1726	2.66667
14.1757	2.66667
14.1788	2.86275
14.1819	3.09804
14.1851	3.15686
14.1882	3.05882
14.1913	2.88235
14.1944	2.80392
14.1975	2.90196
14.2007	3.13725
14.2038	3.27451
14.2069	3.19608
14.21	2.94118
14.2132	2.66667
14.2163	2.54902
14.2194	2.64706
14.2225	2.90196
14.2256	3.07843
14.2288	3.01961
14.2319	2.80392
14.235	2.68627
14.2381	2.98039
14.2413	3.31373
14.2444	3.41176
14.2475	3.31373
14.2506	3.11765
14.2537	3
14.2569	3.09804
14.26	3.39216
14.2631	3.60784
14.2662	3.58824
14.2694	3.43137
14.2725	3.21569
14.2756	3.09804
14.2787	3.21569
14.2818	3.4902
14.285	3.37255
14.2881	3.05882
14.2912	2.78431
14.2943	2.72549
14.2975	2.88235
14.3006	3.07843
14.3037	3.07843
14.3068	2.80392
14.3099	2.45098
14.3131	2.23529
14.3162	2.29412
14.3193	2.52941
14.3224	2.70588
14.3256	2.39216
14.3287	2.17647
14.3318	2.13725
14.3349	2.37255
14.338	2.70588
14.3412	2.86275
14.3443	2.72549
14.3474	2.45098
14.3505	2.23529
14.3537	2.23529
14.3568	2.45098
14.3599	2.70588
14.363	2.70588
14.3661	2.5098
14.3693	2.19608
14.3724	2.41176
14.3755	2.76471
14.3786	3.01961
14.3817	2.98039
14.3848	2.7451
14.3879	2.58824
14.391	2.70588
14.3941	3.09804
14.3972	3.62745
14.4003	4.07843
14.4034	4.66667
14.4065	5
14.4096	5
14.4127	5
14.4158	5
14.4189	5
14.422	3.94118
14.4251	0
14.4282	0
14.4313	0
14.4344	0
14.4375	0
14.4406	0
14.4437	0
14.4468	0
14.4499	0
14.453	0
14.4561	0
14.4592	0
14.4623	0
14.4654	0
14.4685	0
14.4716	1.88235
14.4747	5
14.4778	5
14.4809	5
14.484	5
14.4871	5
14.4902	5
14.4933	5
14.4964	5
14.4995	5
14.5026	5
14.5057	5
14.5088	5
14.5119	5
14.515	5
14.5181	5
14.5212	5
14.5243	5
14.5274	5
14.5305	5
14.5336	5
14.5367	5
14.5398	5
14.5429	5
14.546	5
14.5491	5
14.5522	5
14.5554	5
14.5585	5
14.5616	4.39216
14.5647	0
14.5678	0
14.5709	0
14.574	0
14.5771	0
14.5802	0
14.5833	0
14.5864	0
14.5895	0
14.5926	0
14.5957	0
14.5988	0
14.6019	0
14.605	0
14.6081	0
14.6112	0
14.6143	0
14.6174	0
14.6205	0
14.6236	0
14.6267	0
14.6298	0
14.6329	0
14.636	0
14.6391	0
14.6422	0
14.6453	0
14.6484	0
14.6515	0
14.6546	0
14.6577	0
14.6608	0
14.6639	0
14.667	0
14.6701	0
14.6732	0
14.6763	0
14.6794	0
14.6825	0
14.6856	0
14.6887	0
14.6917	0
14.6948	0
14.6978	0
14.7009	0
14.704	0
14.707	0
14.7101	0
14.7131	0
14.7162	0
14.7192	0
14.7223	0
14.7254	0
14.7284	0
14.7315	0
14.7345	0
14.7376	0
14.7406	0
14.7437	0
14.7468	0
14.7498	0
14.7529	0
14.7559	0
14.759	0
14.762	0
14.7651	0
14.7682	0
14.7712	0
14.7743	0
14.7773	0
14.7804	0
14.7834	0
14.7865	0
14.7896	0
14.7926	0
14.7957	0
14.7987	0
14.8018	0
14.8048	0
14.8079	0
14.811	0
14.814	0
14.8171	0
14.8201	0
14.8232	0
14.8263	0
14.8293	0
14.8324	0
14.8354	0
14.8385	0
14.8415	0
14.8446	0
14.8477	0
14.8507	0
14.8538	0
14.8568	0
14.8599	0
14.8629	0
14.866	0
14.8691	0
14.8721	0
14.8752	0
14.8782	0
14.8813	0
14.8843	0
14.8874	0
14.8905	0
14.8935	0
14.8966	0
14.8996	0
14.9027	0
14.9057	0
14.9088	0
14.9119	0
14.9149	0
14.918	0
14.921	0
14.9241	0
14.9271	0
14.9302	0
14.9333	0
14.9363	0
14.9394	0
14.9424	0
14.9455	0.0196078
14.9486	0.137255
14.9516	0.254902
14.9547	0.352941
14.9577	0.54902
14.9608	0.823529
14.9638	1.21569
14.9669	1.66667
14.97	1.98039
14.973	2.05882
14.9761	1.98039
14.9791	1.92157
14.9822	2.05882
14.9852	2.35294
14.9883	2.68627
14.9914	2.84314
14.9944	2.7451
14.9975	2.60784
15.0006	2.56863
15.0037	2.70588
15.0069	3.01961
15.01	3.21569
15.0131	3.23529
15.0162	3.05882
15.0193	2.88235
15.0224	2.84314
15.0255	3.01961
15.0286	3.33333
15.0317	3.4902
15.0349	3.39216
15.038	3.13725
15.0411	3
15.0442	3.01961
15.0473	3.23529
15.0504	3.4902
15.0535	3.5098
15.0566	3.33333
15.0597	3.09804
15.0629	2.96078
15.066	3.03922
15.0691	3.29412
15.0722	3.47059
15.0753	3.41176
15.0784	3.17647
15.0815	2.96078
15.0846	2.88235
15.0877	3.03922
15.0909	3.31373
15.094	3.43137
15.0971	3.33333
15.1002	3.13725
15.1033	2.96078
15.1064	2.94118
15.1095	3.07843
15.1126	3.31373
15.1157	3.33333
15.1188	3.15686
15.122	2.92157
15.1251	2.76471
15.1282	2.88235
15.1313	3.11765
15.1344	3.29412
15.1375	3.19608
15.1406	2.92157
15.1437	2.68627
15.1468	2.60784
15.15	2.92157
15.1531	2.98039
15.1562	2.84314
15.1593	2.58824
15.1624	2.39216
15.1655	2.39216
15.1686	2.58824
15.1717	2.82353
15.1748	2.84314
15.178	2.68627
15.1811	2.47059
15.1842	2.33333
15.1873	2.41176
15.1904	2.64706
15.1935	2.76471
15.1966	2.54902
15.1997	2.37255
15.2028	2.33333
15.206	2.4902
15.2091	2.76471
15.2122	2.88235
15.2153	2.78431
15.2184	2.62745
15.2215	2.5098
15.2246	2.5098
15.2277	2.68627
15.2308	2.92157
15.234	2.94118
15.2371	2.5098
15.2402	2.37255
15.2433	2.47059
15.2464	2.68627
15.2495	2.80392
15.2526	2.7451
15.2557	2.5098
15.2588	2.29412
15.2619	2.21569
15.2651	2.35294
15.2682	2.56863
15.2713	2.64706
15.2744	2.52941
15.2775	2.29412
15.2806	2.21569
15.2837	2.47059
15.2868	2.70588
15.2899	2.76471
15.2931	2.58824
15.2962	2.35294
15.2993	2.23529
15.3024	2.33333
15.3055	2.62745
15.3086	2.84314
15.3117	2.78431
15.3148	2.52941
15.3179	2.39216
15.321	2.41176
15.3241	2.76471
15.3272	2.78431
15.3303	2.68627
15.3334	2.4902
15.3365	2.35294
15.3396	2.35294
15.3427	2.52941
15.3458	2.70588
15.3489	2.72549
15.352	2.56863
15.3551	2.35294
15.3582	2.23529
15.3613	2.31373
15.3644	2.54902
15.3675	2.68627
15.3706	2.52941
15.3737	2.39216
15.3768	2.35294
15.3799	2.52941
15.383	2.78431
15.3861	2.92157
15.3891	2.82353
15.3922	2.66667
15.3953	2.54902
15.3984	2.62745
15.4015	2.86275
15.4046	3.13725
15.4077	3.21569
15.4108	2.84314
15.4139	2.78431
15.417	2.80392
15.4201	2.94118
15.4232	3.01961
15.4263	2.88235
15.4294	2.60784
15.4325	2.37255
15.4356	2.31373
15.4387	2.43137
15.4418	2.64706
15.4449	2.7451
15.448	2.64706
15.4511	2.47059
15.4542	2.35294
15.4573	2.43137
15.4604	2.70588
15.4635	2.96078
15.4666	2.98039
15.4697	2.84314
15.4728	2.64706
15.4759	2.60784
15.479	2.80392
15.4821	3.05882
15.4852	3.15686
15.4883	2.98039
15.4914	2.66667
15.4945	2.4902
15.4976	2.4902
15.5007	2.68627
15.5038	2.90196
15.5069	2.92157
15.51	2.82353
15.5131	2.62745
15.5161	2.52941
15.5192	2.43137
15.5223	2.56863
15.5254	2.70588
15.5285	2.68627
15.5316	2.43137
15.5347	2.21569
15.5378	2.15686
15.5409	2.33333
15.544	2.58824
15.5471	2.7451
15.5502	2.76471
15.5533	2.60784
15.5564	2.5098
15.5595	2.5098
15.5626	2.72549
15.5657	3
15.5688	3.09804
15.5719	2.98039
15.575	2.78431
15.5781	2.64706
15.5812	2.72549
15.5843	3.05882
15.5874	3.35294
15.5905	3.33333
15.5936	3.09804
15.5967	2.80392
15.5998	2.64706
15.6029	2.70588
15.606	3.03922
15.6091	3.17647
15.6122	3.01961
15.6153	2.68627
15.6184	2.43137
15.6215	2.37255
15.6245	2.56863
15.6276	2.82353
15.6307	2.64706
15.6337	2.39216
15.6368	2.23529
15.6399	2.23529
15.6429	2.47059
15.646	2.64706
15.6491	2.68627
15.6522	2.5098
15.6552	2.35294
15.6583	2.27451
15.6614	2.39216
15.6644	2.66667
15.6675	2.82353
15.6706	2.5098
15.6736	2.29412
15.6767	2.2549
15.6798	2.39216
15.6828	2.60784
15.6859	2.60784
15.689	2.41176
15.692	2.19608
15.6951	2.05882
15.6982	2.09804
15.7013	2.33333
15.7043	2.52941
15.7074	2.47059
15.7105	2.2549
15.7135	2
15.7166	2.11765
15.7197	2.41176
15.7227	2.54902
15.7258	2.43137
15.7289	2.19608
15.7319	2.01961
15.735	2.03922
15.7381	2.2549
15.7412	2.54902
15.7442	2.56863
15.7473	2.39216
15.7504	2.15686
15.7534	2.03922
15.7565	2.39216
15.7596	2.58824
15.7626	2.54902
15.7657	2.31373
15.7688	2.09804
15.7718	2.03922
15.7749	2.15686
15.778	2.43137
15.781	2.56863
15.7841	2.45098
15.7872	2.19608
15.7903	2
15.7933	2
15.7964	2.21569
15.7995	2.52941
15.8025	2.33333
15.8056	2.07843
15.8087	1.94118
15.8117	2
15.8148	2.27451
15.8179	2.47059
15.8209	2.43137
15.824	2.21569
15.8271	1.98039
15.8302	1.90196
15.8332	2.07843
15.8363	2.39216
15.8394	2.4902
15.8424	2.15686
15.8455	1.98039
15.8486	1.98039
15.8516	2.17647
15.8547	2.41176
15.8578	2.47059
15.8608	2.31373
15.8639	2.05882
15.867	1.94118
15.87	2.01961
15.8731	2.23529
15.8762	2.45098
15.8793	2.47059
15.8823	2.2549
15.8854	2.03922
15.8885	2
15.8915	2.13725
15.8946	2.43137
15.8977	2.52941
15.9007	2.39216
15.9038	2.15686
15.9069	2.03922
15.9099	2.07843
15.913	2.2549
15.9161	2.47059
15.9191	2.5098
15.9222	2.33333
15.9253	2.07843
15.9284	2
15.9314	2.17647
15.9345	2.4902
15.9376	2.66667
15.9407	2.56863
15.9438	2.33333
15.9469	2.15686
15.95	2.13725
15.9531	2.27451
15.9562	2.5098
15.9593	2.58824
15.9624	2.47059
15.9655	2.23529
15.9686	2.09804
15.9717	2.13725
15.9748	2.31373
15.9779	2.56863
15.981	2.64706
15.9841	2.52941
15.9872	2.2549
15.9903	2.07843
15.9934	2.17647
15.9965	2.43137
15.9996	2.66667
16.0027	2.64706
16.0058	2.43137
16.0089	2.2549
16.012	2.19608
16.0151	2.33333
16.0182	2.4902
16.0213	2.52941
16.0244	2.5098
16.0274	2.43137
16.0305	2.37255
16.0336	2.33333
16.0367	2.4902
16.0398	2.68627
16.0429	2.62745
16.046	2.4902
16.0491	2.33333
16.0522	2.29412
16.0553	2.41176
16.0584	2.60784
16.0615	2.76471
16.0646	2.70588
16.0677	2.4902
16.0708	2.33333
16.0739	2.29412
16.077	2.39216
16.0801	2.64706
16.0832	2.76471
16.0863	2.70588
16.0894	2.52941
16.0925	2.39216
16.0956	2.37255
16.0987	2.60784
16.1018	2.82353
16.1049	2.66667
16.108	2.43137
16.1111	2.35294
16.1142	2.47059
16.1173	2.68627
16.1204	2.80392
16.1235	2.76471
16.1266	2.56863
16.1297	2.39216
16.1328	2.33333
16.1359	2.43137
16.139	2.64706
16.1421	2.7451
16.1452	2.64706
16.1483	2.33333
16.1514	2.35294
16.1544	2.56863
16.1575	2.78431
16.1606	2.78431
16.1637	2.58824
16.1668	2.37255
16.1699	2.27451
16.173	2.37255
16.1761	2.58824
16.1792	2.76471
16.1823	2.7451
16.1854	2.5098
16.1885	2.33333
16.1916	2.39216
16.1947	2.60784
16.1978	2.76471
16.2009	2.68627
16.204	2.4902
16.2071	2.37255
16.2102	2.43137
16.2133	2.58824
16.2164	2.7451
16.2195	2.72549
16.2226	2.54902
16.2257	2.35294
16.2288	2.27451
16.2319	2.41176
16.235	2.76471
16.2381	2.66667
16.2412	2.43137
16.2443	2.2549
16.2474	2.2549
16.2505	2.39216
16.2536	2.66667
16.2566	2.78431
16.2597	2.68627
16.2628	2.47059
16.2659	2.33333
16.269	2.33333
16.2721	2.43137
16.2752	2.60784
16.2783	2.62745
16.2814	2.43137
16.2845	2.35294
16.2876	2.41176
16.2907	2.60784
16.2937	2.7451
16.2968	2.68627
16.2999	2.4902
16.303	2.29412
16.3061	2.2549
16.3092	2.37255
16.3123	2.5098
16.3154	2.47059
16.3185	2.39216
16.3216	2.29412
16.3247	2.39216
16.3278	2.58824
16.3308	2.76471
16.3339	2.78431
16.337	2.60784
16.3401	2.39216
16.3432	2.35294
16.3463	2.4902
16.3494	2.68627
16.3525	2.78431
16.3556	2.78431
16.3587	2.64706
16.3618	2.54902
16.3649	2.52941
16.3679	2.64706
16.371	2.7451
16.3741	2.78431
16.3772	2.62745
16.3803	2.45098
16.3834	2.41176
16.3865	2.45098
16.3896	2.64706
16.3927	2.7451
16.3958	2.68627
16.3989	2.45098
16.402	2.35294
16.4051	2.39216
16.4081	2.4902
16.4112	2.68627
16.4143	2.76471
16.4174	2.68627
16.4205	2.4902
16.4236	2.39216
16.4267	2.45098
16.4298	2.62745
16.4329	2.80392
16.436	2.82353
16.4391	2.7451
16.4422	2.60784
16.4452	2.54902
16.4483	2.60784
16.4514	2.78431
16.4545	2.88235
16.4576	2.84314
16.4607	2.56863
16.4638	2.31373
16.4669	2.29412
16.47	2.45098
16.4731	2.68627
16.4762	2.7451
16.4793	2.60784
16.4823	2.39216
16.4854	2.2549
16.4885	2.27451
16.4916	2.47059
16.4947	2.64706
16.4978	2.70588
16.5009	2.58824
16.504	2.43137
16.5071	2.39216
16.5102	2.47059
16.5133	2.66667
16.5164	2.80392
16.5194	2.70588
16.5225	2.54902
16.5256	2.41176
16.5287	2.47059
16.5318	2.70588
16.5349	3.03922
16.538	3.15686
16.5411	2.96078
16.5442	2.78431
16.5473	2.76471
16.5504	2.92157
16.5535	3.15686
16.5565	3.23529
16.5596	3.15686
16.5627	2.96078
16.5658	2.78431
16.5689	2.80392
16.5719	2.92157
16.575	2.94118
16.5781	2.80392
16.5811	2.33333
16.5842	2.5098
16.5873	2.86275
16.5903	3.23529
16.5934	3.43137
16.5965	3.35294
16.5996	3.09804
16.6026	2.92157
16.6057	2.90196
16.6088	3.09804
16.6118	3.31373
16.6149	3.41176
16.618	3.31373
16.6211	3.13725
16.6241	3.27451
16.6272	3.56863
16.6303	3.82353
16.6333	3.82353
16.6364	3.62745
16.6395	3.45098
16.6426	3.41176
16.6456	3.54902
16.6487	3.80392
16.6518	3.88235
16.6548	3.72549
16.6579	3.41176
16.661	3.17647
16.664	3.17647
16.6671	3.4902
16.6702	3.4902
16.6733	3.27451
16.6763	2.98039
16.6794	2.76471
16.6825	2.80392
16.6855	3.03922
16.6886	3.21569
16.6917	3.21569
16.6948	3
16.6978	2.82353
16.7009	2.82353
16.704	3.03922
16.707	3.33333
16.7101	3.45098
16.7132	3.21569
16.7163	3.03922
16.7193	3.13725
16.7224	3.43137
16.7255	3.78431
16.7285	3.98039
16.7316	4.03922
16.7347	4.21569
16.7377	5
16.7408	5
16.7439	5
16.747	5
16.75	5
16.7531	5
16.7562	3.33333
16.7592	3.76471
16.7623	5
16.7654	5
16.7685	5
16.7715	1.7451
16.7746	0
16.7777	0
16.7807	3.01961
16.7838	5
16.7869	5
16.79	5
16.793	0
16.7961	0
16.7992	0
16.8022	0.45098
16.8053	0
16.8084	0
16.8114	1.88235
16.8145	5
16.8176	5
16.8207	5
16.8237	5
16.8268	5
16.8299	5
16.8329	5
16.836	5
16.8391	5
16.8422	5
16.8452	5
16.8483	5
16.8514	5
16.8544	5
16.8575	5
16.8606	5
16.8637	5
16.8667	5
16.8698	5
16.8729	5
16.876	5
16.8792	5
16.8823	5
16.8854	5
16.8885	5
16.8916	3.64706
16.8947	0
16.8979	0
16.901	0
16.9041	0
16.9072	0
16.9103	0
16.9135	0
16.9166	0
16.9197	0
16.9228	0
16.9259	0
16.929	0
16.9322	0
16.9353	0
16.9384	0
16.9415	0
16.9446	0
16.9478	0
16.9509	0
16.954	0
16.9571	0
16.9602	0
16.9634	0
16.9665	0
16.9696	0
16.9727	0
16.9758	0
16.9789	0
16.9821	0
16.9852	0
16.9883	0
16.9914	0
16.9945	0
16.9977	0
17.0008	0
17.0039	0
17.007	0
17.0101	0
17.0132	0
17.0164	0
17.0195	0
17.0226	0
17.0257	0
17.0288	0
17.032	0
17.0351	0
17.0382	0
17.0413	0
17.0444	0
17.0476	0
17.0507	0
17.0538	0
17.0569	0
17.06	0
17.0631	0
17.0663	0
17.0694	0
17.0725	0
17.0756	0
17.0787	0
17.0819	0
17.085	0
17.0881	0
17.0912	0
17.0943	0
17.0974	0
17.1006	0
17.1037	0
17.1068	0
17.1099	0
17.113	0
17.1162	0
17.1193	0
17.1224	0
17.1255	0
17.1286	0
17.1318	0
17.1349	0
17.138	0
17.1411	0
17.1442	0
17.1473	0
17.1505	0
17.1536	0
17.1567	0
17.1598	0
17.1629	0
17.1661	0
17.1692	0
17.1723	0
17.1754	0
17.1785	0
17.1816	0
17.1848	0
17.1879	0
17.191	0
17.1941	0
17.1972	0
17.2003	0
17.2034	0
17.2065	0
17.2096	0
17.2127	0
17.2158	0
17.2189	0
17.222	0
17.2251	0
17.2282	0
17.2313	0
17.2344	0
17.2375	0
17.2406	0
17.2437	0
17.2468	0
17.2499	0
17.253	0
17.2561	0
17.2592	0
17.2623	0
17.2654	0
17.2685	0
17.2716	0
17.2747	0
17.2778	0
17.2809	0
17.284	0
17.2871	0
17.2902	0
17.2933	0
17.2964	0
17.2995	0
17.3026	0
17.3057	0
17.3088	0
17.3119	0
17.315	0.254902
17.3181	0.470588
17.3212	0.45098
17.3243	0.156863
17.3274	0.0784314
17.3305	0.156863
17.3336	0.313726
17.3367	0.490196
17.3398	0.745098
17.3429	0.980392
17.346	1.11765
17.3491	1.31373
17.3522	1.60784
17.3553	1.98039
17.3584	2.43137
17.3615	2.72549
17.3646	2.78431
17.3677	2.70588
17.3708	2.68627
17.3739	2.82353
17.377	2.96078
17.3801	3.17647
17.3833	3.15686
17.3864	2.96078
17.3895	2.72549
17.3926	2.64706
17.3957	2.72549
17.3988	2.92157
17.4019	3.01961
17.405	2.94118
17.4081	2.76471
17.4112	2.64706
17.4143	2.68627
17.4174	2.92157
17.4205	3.21569
17.4236	3.35294
17.4267	3.2549
17.4298	3.07843
17.4329	2.98039
17.436	3.03922
17.4391	3.27451
17.4422	3.43137
17.4453	3.35294
17.4484	3.09804
17.4515	2.84314
17.4546	2.72549
17.4577	2.80392
17.4608	2.98039
17.4639	3.07843
17.467	2.98039
17.4701	2.78431
17.4732	2.64706
17.4763	2.66667
17.4794	2.86275
17.4825	3.11765
17.4856	3.15686
17.4887	3.07843
17.4918	2.80392
17.4949	2.90196
17.498	3.13725
17.5011	3.29412
17.5042	3.27451
17.5073	3.09804
17.5103	2.88235
17.5134	2.78431
17.5165	2.86275
17.5196	3.03922
17.5226	3.13725
17.5257	3.07843
17.5288	2.86275
17.5319	2.70588
17.5349	2.84314
17.538	3
17.5411	3
17.5442	2.82353
17.5473	2.60784
17.5503	2.4902
17.5534	2.52941
17.5565	2.70588
17.5596	2.84314
17.5626	2.76471
17.5657	2.58824
17.5688	2.41176
17.5719	2.37255
17.5749	2.47059
17.578	2.7451
17.5811	2.64706
17.5842	2.47059
17.5872	2.35294
17.5903	2.37255
17.5934	2.5098
17.5965	2.68627
17.5996	2.72549
17.6026	2.62745
17.6057	2.4902
17.6088	2.43137
17.6119	2.45098
17.6149	2.62745
17.618	2.72549
17.6211	2.54902
17.6242	2.37255
17.6272	2.29412
17.6303	2.35294
17.6334	2.4902
17.6365	2.52941
17.6395	2.41176
17.6426	2.23529
17.6457	2.11765
17.6488	2.13725
17.6519	2.29412
17.6549	2.41176
17.658	2.39216
17.6611	2.31373
17.6642	2.27451
17.6672	2.41176
17.6703	2.60784
17.6734	2.70588
17.6765	2.62745
17.6795	2.47059
17.6826	2.39216
17.6857	2.41176
17.6888	2.60784
17.6918	2.88235
17.6949	3
17.698	2.90196
17.7011	2.72549
17.7042	2.58824
17.7072	2.60784
17.7103	2.7451
17.7134	2.7451
17.7165	2.52941
17.7195	2.29412
17.7226	2.15686
17.7257	2.23529
17.7288	2.41176
17.7318	2.4902
17.7349	2.41176
17.738	2.27451
17.7411	2.13725
17.7442	2.11765
17.7472	2.23529
17.7503	2.76471
17.7534	3.05882
17.7565	3.15686
17.7595	3.01961
17.7626	2.86275
17.7657	2.88235
17.7688	3
17.7718	3.09804
17.7749	3.07843
17.778	2.96078
17.7811	2.78431
17.7841	2.70588
17.7872	2.88235
17.7903	3.19608
17.7934	3.43137
17.7965	3.33333
17.7995	3.17647
17.8026	3.05882
17.8057	3.07843
17.8088	3.27451
17.8118	3.52941
17.8149	3.60784
17.818	3.56863
17.8211	3.35294
17.8242	3.2549
17.8273	3.27451
17.8304	3.41176
17.8335	3.4902
17.8366	3.5098
17.8397	3.33333
17.8428	3.11765
17.8459	3.05882
17.849	3.11765
17.8521	3.31373
17.8552	3.35294
17.8583	3.21569
17.8614	3
17.8645	2.82353
17.8676	2.76471
17.8707	2.92157
17.8738	3.11765
17.8769	3.05882
17.88	2.98039
17.8831	2.86275
17.8862	2.76471
17.8893	2.7451
17.8924	2.96078
17.8955	3.17647
17.8986	3.21569
17.9017	3
17.9048	2.7451
17.9079	2.60784
17.911	2.66667
17.9141	2.86275
17.9172	3
17.9203	2.92157
17.9234	2.72549
17.9265	2.58824
17.9296	2.52941
17.9327	2.66667
17.9358	2.82353
17.9389	2.82353
17.942	2.66667
17.9451	2.45098
17.9482	2.29412
17.9513	2.31373
17.9544	2.4902
17.9575	2.64706
17.9606	2.60784
17.9637	2.47059
17.9668	2.27451
17.9699	2.33333
17.973	2.56863
17.9761	2.7451
17.9792	2.64706
17.9823	2.43137
17.9854	2.31373
17.9885	2.33333
17.9916	2.4902
17.9947	2.72549
17.9978	2.80392
18.0009	2.66667
18.004	2.43137
18.0071	2.27451
18.0102	2.29412
18.0133	2.66667
18.0164	2.62745
18.0195	2.45098
18.0226	2.17647
18.0257	2.09804
18.0288	2.2549
18.0319	2.4902
18.035	2.64706
18.0381	2.64706
18.0412	2.45098
18.0443	2.21569
18.0474	2.15686
18.0505	2.35294
18.0536	2.62745
18.0567	2.56863
18.0598	2.35294
18.0629	2.2549
18.066	2.2549
18.0691	2.47059
18.0722	2.66667
18.0753	2.70588
18.0784	2.54902
18.0815	2.41176
18.0846	2.37255
18.0877	2.45098
18.0908	2.64706
18.0939	2.7451
18.097	2.66667
18.1001	2.27451
18.1032	2.21569
18.1063	2.39216
18.1094	2.60784
18.1125	2.68627
18.1156	2.54902
18.1187	2.29412
18.1218	2.13725
18.1249	2.15686
18.128	2.41176
18.1311	2.64706
18.1342	2.66667
18.1372	2.47059
18.1403	2.23529
18.1434	2.2549
18.1465	2.5098
18.1496	2.62745
18.1527	2.54902
18.1558	2.35294
18.1589	2.21569
18.162	2.21569
18.1651	2.43137
18.1682	2.70588
18.1713	2.78431
18.1743	2.62745
18.1774	2.33333
18.1805	2.17647
18.1836	2.21569
18.1867	2.58824
18.1898	2.56863
18.1929	2.39216
18.196	2.21569
18.1991	2.13725
18.2022	2.27451
18.2053	2.52941
18.2084	2.66667
18.2114	2.58824
18.2145	2.35294
18.2176	2.17647
18.2207	2.13725
18.2238	2.2549
18.2269	2.45098
18.23	2.5098
18.2331	2.37255
18.2362	2.21569
18.2393	2.11765
18.2424	2.21569
18.2455	2.43137
18.2486	2.60784
18.2516	2.58824
18.2547	2.41176
18.2578	2.21569
18.2609	2.07843
18.264	2.17647
18.2671	2.41176
18.2702	2.58824
18.2733	2.5098
18.2764	2.31373
18.2795	2.17647
18.2826	2.17647
18.2857	2.29412
18.2887	2.5098
18.2918	2.58824
18.2949	2.45098
18.298	2.23529
18.3011	2.09804
18.3042	2.17647
18.3073	2.37255
18.3104	2.54902
18.3135	2.52941
18.3166	2.39216
18.3197	2.23529
18.3228	2.21569
18.3258	2.35294
18.3289	2.58824
18.332	2.7451
18.3351	2.66667
18.3382	2.47059
18.3413	2.31373
18.3444	2.31373
18.3475	2.4902
18.3506	2.7451
18.3537	2.7451
18.3568	2.60784
18.3599	2.39216
18.3629	2.2549
18.366	2.33333
18.3691	2.58824
18.3722	2.76471
18.3753	2.72549
18.3784	2.52941
18.3815	2.31373
18.3846	2.2549
18.3877	2.37255
18.3908	2.60784
18.3939	2.68627
18.397	2.62745
18.4	2.35294
18.4031	2.23529
18.4062	2.23529
18.4093	2.43137
18.4124	2.68627
18.4155	2.7451
18.4186	2.58824
18.4217	2.39216
18.4248	2.2549
18.4279	2.33333
18.431	2.58824
18.4341	2.7451
18.4372	2.72549
18.4402	2.54902
18.4433	2.37255
18.4463	2.31373
18.4494	2.68627
18.4524	2.80392
18.4555	2.70588
18.4586	2.4902
18.4616	2.35294
18.4647	2.35294
18.4677	2.54902
18.4708	2.78431
18.4738	2.82353
18.4769	2.64706
18.4799	2.41176
18.483	2.29412
18.486	2.37255
18.4891	2.56863
18.4921	2.72549
18.4952	2.52941
18.4982	2.33333
18.5013	2.23529
18.5043	2.35294
18.5074	2.58824
18.5104	2.72549
18.5135	2.62745
18.5165	2.41176
18.5196	2.21569
18.5226	2.19608
18.5257	2.39216
18.5287	2.60784
18.5318	2.64706
18.5348	2.27451
18.5379	2.15686
18.541	2.23529
18.544	2.45098
18.5471	2.62745
18.5501	2.58824
18.5532	2.39216
18.5562	2.19608
18.5593	2.13725
18.5623	2.29412
18.5654	2.52941
18.5684	2.62745
18.5715	2.52941
18.5745	2.31373
18.5776	2.19608
18.5806	2.37255
18.5837	2.62745
18.5867	2.64706
18.5898	2.47059
18.5928	2.2549
18.5959	2.15686
18.5989	2.23529
18.602	2.47059
18.605	2.64706
18.6081	2.60784
18.6111	2.41176
18.6142	2.21569
18.6172	2.17647
18.6203	2.54902
18.6233	2.62745
18.6264	2.52941
18.6295	2.33333
18.6325	2.19608
18.6356	2.19608
18.6386	2.39216
18.6417	2.58824
18.6447	2.60784
18.6478	2.45098
18.6508	2.23529
18.6539	2.15686
18.6569	2.23529
18.66	2.47059
18.663	2.60784
18.6661	2.39216
18.6691	2.23529
18.6722	2.19608
18.6752	2.31373
18.6783	2.58824
18.6813	2.68627
18.6844	2.56863
18.6874	2.35294
18.6905	2.21569
18.6935	2.2549
18.6966	2.45098
18.6996	2.66667
18.7027	2.68627
18.7057	2.5098
18.7088	2.31373
18.7118	2.21569
18.7149	2.31373
18.718	2.56863
18.721	2.72549
18.7241	2.68627
18.7271	2.47059
18.7302	2.29412
18.7332	2.2549
18.7363	2.41176
18.7393	2.66667
18.7424	2.7451
18.7454	2.62745
18.7485	2.41176
18.7515	2.27451
18.7546	2.29412
18.7577	2.5098
18.7608	2.72549
18.7639	2.7451
18.767	2.56863
18.7701	2.35294
18.7732	2.2549
18.7763	2.37255
18.7793	2.58824
18.7824	2.76471
18.7855	2.70588
18.7886	2.4902
18.7917	2.31373
18.7948	2.27451
18.7979	2.43137
18.801	2.66667
18.8041	2.7451
18.8072	2.62745
18.8103	2.41176
18.8134	2.27451
18.8165	2.31373
18.8195	2.52941
18.8226	2.7451
18.8257	2.7451
18.8288	2.56863
18.8319	2.35294
18.835	2.2549
18.8381	2.35294
18.8412	2.58824
18.8443	2.76471
18.8474	2.66667
18.8505	2.47059
18.8536	2.29412
18.8566	2.27451
18.8597	2.41176
18.8628	2.64706
18.8659	2.72549
18.869	2.58824
18.8721	2.39216
18.8752	2.2549
18.8783	2.4902
18.8814	2.70588
18.8845	2.70588
18.8876	2.54902
18.8907	2.33333
18.8937	2.23529
18.8968	2.33333
18.8999	2.56863
18.903	2.68627
18.9061	2.62745
18.9092	2.43137
18.9123	2.27451
18.9154	2.23529
18.9185	2.41176
18.9216	2.7451
18.9247	2.60784
18.9278	2.39216
18.9308	2.27451
18.9339	2.31373
18.937	2.52941
18.9401	2.72549
18.9432	2.72549
18.9463	2.56863
18.9494	2.35294
18.9525	2.2549
18.9556	2.37255
18.9587	2.60784
18.9618	2.7451
18.9649	2.4902
18.9679	2.31373
18.971	2.29412
18.9741	2.47059
18.9772	2.70588
18.9803	2.78431
18.9834	2.62745
18.9865	2.41176
18.9896	2.29412
18.9927	2.35294
18.9958	2.58824
18.9989	2.7451
19.002	2.76471
19.0051	2.56863
19.0081	2.27451
19.0112	2.39216
19.0143	2.62745
19.0174	2.76471
19.0205	2.68627
19.0236	2.4902
19.0267	2.31373
19.0298	2.27451
19.0329	2.47059
19.036	2.70588
19.0391	2.78431
19.0422	2.60784
19.0452	2.39216
19.0483	2.27451
19.0514	2.54902
19.0545	2.7451
19.0576	2.7451
19.0607	2.52941
19.0638	2.31373
19.0669	2.23529
19.07	2.35294
19.0731	2.58824
19.0762	2.7451
19.0793	2.64706
19.0824	2.43137
19.0855	2.27451
19.0887	2.27451
19.0918	2.43137
19.0949	2.72549
19.098	2.56863
19.1011	2.37255
19.1042	2.23529
19.1073	2.27451
19.1104	2.45098
19.1135	2.58824
19.1166	2.60784
19.1197	2.5098
19.1228	2.39216
19.1259	2.29412
19.129	2.35294
19.1322	2.54902
19.1353	2.54902
19.1384	2.23529
19.1415	2.21569
19.1446	2.27451
19.1477	2.43137
19.1508	2.58824
19.1539	2.58824
19.157	2.45098
19.1601	2.23529
19.1632	2.05882
19.1663	2.07843
19.1694	2.35294
19.1725	2.60784
19.1756	2.64706
19.1788	2.45098
19.1819	2.21569
19.185	2.13725
19.1881	2.19608
19.1912	2.39216
19.1943	2.4902
19.1974	2.4902
19.2005	2.35294
19.2036	2.2549
19.2067	2.19608
19.2098	2.19608
19.2129	2.31373
19.216	2.45098
19.2191	2.47059
19.2223	2.35294
19.2254	2.23529
19.2285	2.23529
19.2316	2.37255
19.2347	2.5098
19.2378	2.4902
19.2409	2.31373
19.244	2.13725
19.2471	2.07843
19.2502	2.19608
19.2533	2.37255
19.2564	2.41176
19.2595	2.39216
19.2626	2.29412
19.2658	2.19608
19.2689	2.15686
19.272	2.23529
19.2751	2.35294
19.2782	2.33333
19.2813	2.27451
19.2844	2.17647
19.2875	2.11765
19.2906	2.17647
19.2937	2.37255
19.2968	2.4902
19.2999	2.43137
19.303	2.23529
19.3061	2.05882
19.3093	1.96078
19.3124	2.07843
19.3155	2.2549
19.3186	2.31373
19.3217	2.31373
19.3248	2.19608
19.3279	2.09804
19.331	2.03922
19.3341	2.11765
19.3372	2.31373
19.3403	2.35294
19.3434	2.23529
19.3465	2.09804
19.3496	2.03922
19.3528	2.13725
19.3559	2.35294
19.359	2.29412
19.3621	2.15686
19.3652	2
19.3683	1.94118
19.3714	2.09804
19.3745	2.33333
19.3776	2.43137
19.3807	2.33333
19.3838	2.15686
19.3868	2.01961
19.3899	1.98039
19.393	2.11765
19.3961	2.31373
19.3991	2.21569
19.4022	2.07843
19.4053	2.01961
19.4084	2.05882
19.4114	2.21569
19.4145	2.33333
19.4176	2.31373
19.4207	2.19608
19.4237	2.05882
19.4268	2.03922
19.4299	2.15686
19.433	2.33333
19.436	2.45098
19.4391	2.43137
19.4422	2.11765
19.4453	2.05882
19.4483	2.19608
19.4514	2.39216
19.4545	2.45098
19.4576	2.37255
19.4606	2.23529
19.4637	2.2549
19.4668	2.41176
19.4698	2.62745
19.4729	2.7451
19.476	2.68627
19.4791	2.56863
19.4821	2.47059
19.4852	2.62745
19.4883	2.80392
19.4914	2.84314
19.4944	2.72549
19.4975	2.54902
19.5006	2.4902
19.5037	2.52941
19.5067	2.68627
19.5098	2.86275
19.5129	2.94118
19.516	2.88235
19.519	2.76471
19.5221	2.70588
19.5252	2.78431
19.5283	3.17647
19.5313	3.21569
19.5344	3.05882
19.5375	2.88235
19.5406	2.88235
19.5436	3.03922
19.5467	3.2549
19.5498	3.31373
19.5529	3.11765
19.5559	2.84314
19.559	2.64706
19.5621	2.66667
19.5652	2.84314
19.5682	3.03922
19.5713	2.96078
19.5744	2.76471
19.5775	2.68627
19.5805	2.66667
19.5836	2.66667
19.5867	2.56863
19.5898	2.66667
19.5928	2.56863
19.5959	2.47059
19.599	2.43137
19.6021	2.56863
19.6051	2.7451
19.6082	2.86275
19.6113	2.78431
19.6144	2.45098
19.6174	2.47059
19.6205	2.62745
19.6236	2.76471
19.6267	2.80392
19.6297	2.68627
19.6328	2.58824
19.6359	2.54902
19.639	2.62745
19.642	2.70588
19.6451	2.72549
19.6482	2.56863
19.6513	2.41176
19.6543	2.39216
19.6574	2.4902
19.6605	2.64706
19.6636	2.84314
19.6666	2.90196
19.6697	2.84314
19.6728	2.70588
19.6758	2.58824
19.6789	2.56863
19.682	2.72549
19.6851	2.94118
19.6881	3.09804
19.6913	3.19608
19.6944	3.23529
19.6975	3.23529
19.7006	3.29412
19.7037	3.45098
19.7069	3.45098
19.71	3.2549
19.7131	3.03922
19.7162	2.86275
19.7193	2.80392
19.7225	2.88235
19.7256	3.01961
19.7287	3.05882
19.7318	2.96078
19.7349	2.76471
19.738	2.64706
19.7412	2.66667
19.7443	2.80392
19.7474	2.98039
19.7505	3.03922
19.7536	2.92157
19.7568	2.72549
19.7599	2.62745
19.763	2.66667
19.7661	2.82353
19.7692	2.96078
19.7723	2.98039
19.7755	2.82353
19.7786	2.66667
19.7817	2.62745
19.7848	2.68627
19.7879	2.88235
19.7911	2.96078
19.7942	2.88235
19.7973	2.68627
19.8004	2.58824
19.8035	2.58824
19.8067	2.78431
19.8098	3
19.8129	3.05882
19.816	2.96078
19.8191	2.78431
19.8222	2.70588
19.8254	2.78431
19.8285	2.98039
19.8316	3.11765
19.8347	2.94118
19.8378	2.78431
19.841	2.72549
19.8441	2.86275
19.8472	3.07843
19.8503	3.17647
19.8534	3.05882
19.8565	2.84314
19.8597	2.68627
19.8628	2.68627
19.8659	2.88235
19.869	3.01961
19.8721	3.01961
19.8753	2.52941
19.8784	2.43137
19.8815	2.5098
19.8846	2.70588
19.8877	2.80392
19.8909	2.76471
19.894	2.54902
19.8971	2.39216
19.9002	2.41176
19.9033	2.62745
19.9064	2.88235
19.9096	3
19.9127	2.96078
19.9158	2.82353
19.9189	2.98039
19.922	3.41176
19.9252	3.98039
19.9283	4.52941
19.9314	5
19.9345	5
19.9376	5
19.9407	5
19.9439	5
19.947	5
19.9501	3.90196
19.9532	0.0392157
19.9563	0
19.9595	0
19.9626	5
19.9657	4.94118
19.9688	3
19.9719	0
19.9751	0
19.9782	0
19.9813	0
19.9844	0
19.9875	0
19.9906	0
19.9938	1.54902
19.9969	3.17647
