0.005759	0
0.0088613	0
0.0119636	0
0.0150659	0
0.0181682	0
0.0212705	0
0.0243728	0
0.0274751	0
0.0305774	0
0.0336797	0
0.036782	0
0.0398843	0
0.0429866	0
0.0460889	0
0.0491912	0
0.0522935	0
0.0553958	0
0.0584981	0
0.0616004	0
0.0647027	0.0588235
0.0678051	0.0588235
0.0709074	0
0.0740097	0
0.077112	0
0.0802143	0
0.0833166	0
0.0864189	0.0588235
0.0895212	0.411765
0.0926235	0.254902
0.0957258	0
0.0988281	0.0588235
0.10193	0.117647
0.105033	0
0.108135	0.156863
0.111237	0.686275
0.11434	0.960784
0.117442	0.941176
0.120544	0.941176
0.123646	0.882353
0.126749	1.03922
0.129851	1.23529
0.132953	1.15686
0.136056	1.60784
0.139158	1.70588
0.14226	0.705882
0.145363	0
0.148465	0
0.151567	0
0.15467	0.0392157
0.157772	0.0980392
0.160874	0
0.163976	0.411765
0.167079	1.54902
0.170181	1.92157
0.173283	2.39216
0.176386	2.72549
0.179488	3.29412
0.18259	4.41176
0.185693	4.66667
0.188795	5
0.191897	5
0.194999	4.98039
0.198102	5
0.201204	5
0.204306	5
0.207409	5
0.210511	5
0.213613	5
0.216716	5
0.219818	5
0.22292	5
0.226022	5
0.229125	5
0.232227	5
0.235329	5
0.238432	5
0.241534	5
0.244636	5
0.247739	5
0.250841	4.98039
0.253943	4.98039
0.257046	4.47059
0.260148	3.7451
0.26325	3.21569
0.266352	3.01961
0.269455	2.72549
0.272557	2.33333
0.275659	1.88235
0.278762	1.23529
0.281864	0.705882
0.284966	0.0196078
0.288069	0.0196078
0.29116	0
0.294252	0
0.297343	0
0.300435	0
0.303526	0
0.306618	0
0.30971	0
0.312801	0
0.315893	0
0.318984	0
0.322076	0
0.325167	0
0.328259	0
0.331351	0
0.334442	0
0.337534	0
0.340625	0
0.343717	0
0.346808	0
0.3499	0
0.352992	0
0.356083	0
0.359175	0
0.362266	0
0.365358	0
0.368449	0
0.371541	0
0.374633	0
0.377724	0
0.380816	0
0.383907	0
0.386999	0
0.39009	0
0.393182	0
0.396274	0
0.399365	0
0.402457	0
0.405548	0
0.40864	0
0.411731	0
0.414823	0
0.417915	0.490196
0.421006	1.45098
0.424098	2.05882
0.427189	2.88235
0.430281	2.58824
0.433372	2.84314
0.436464	3.56863
0.439556	3.96078
0.442647	4.19608
0.445739	3.56863
0.44883	2.19608
0.451922	1.11765
0.455014	0.294118
0.458105	0.607843
0.461197	0.509804
0.464288	0
0.46738	0.313726
0.470471	0
0.473563	0
0.476655	0
0.479746	0.254902
0.482838	0
0.485929	0.647059
0.489021	1.86275
0.492112	1.62745
0.495204	1.43137
0.498296	1.80392
0.501387	0
0.504479	0
0.50757	0
0.510662	0
0.513753	0
0.516845	0
0.519937	0
0.523028	0
0.52612	0
0.529211	0
0.532303	0
0.535394	0
0.538486	0
0.541578	0
0.544669	0
0.547761	0
0.550852	0
0.553944	0
0.557035	0.117647
0.560127	0.588235
0.563219	1.54902
0.56631	2.88235
0.569402	4.29412
0.572493	4.98039
0.575585	5
0.578676	5
0.581768	5
0.58486	5
0.587951	5
0.591043	5
0.594134	5
0.597226	4.98039
0.600317	4.90196
0.603405	4.52941
0.606493	4.60784
0.60958	4.5098
0.612668	4.43137
0.615755	4.56863
0.618843	5
0.62193	5
0.625018	5
0.628105	5
0.631193	5
0.63428	5
0.637368	5
0.640455	5
0.643543	5
0.64663	5
0.649718	5
0.652805	5
0.655893	4.98039
0.65898	4.98039
0.662068	5
0.665155	5
0.668243	5
0.67133	5
0.674418	4.98039
0.677505	5
0.680593	5
0.683681	4.98039
0.686768	5
0.689856	5
0.692943	4.98039
0.696031	4.98039
0.699118	5
0.702206	5
0.705293	5
0.708381	4.98039
0.711468	4.98039
0.714556	4.98039
0.717643	5
0.720731	5
0.723818	4.98039
0.726906	4.98039
0.729993	4.92157
0.733081	4.72549
0.736168	4.92157
0.739256	4.98039
0.742343	4.98039
0.745431	4.78431
0.748518	4.11765
0.751606	3.45098
0.754694	3.09804
0.757781	3.19608
0.760869	3.47059
0.763956	3.03922
0.767044	2.56863
0.770131	2.17647
0.773219	2.39216
0.776306	3.05882
0.779394	3.7451
0.782481	3.98039
0.785569	3.86275
0.788656	3.43137
0.791744	3.03922
0.794831	3.33333
0.797919	4.11765
0.801006	4.60784
0.804094	3.96078
0.807181	3.33333
0.810269	3.13725
0.813356	3.4902
0.816444	4.47059
0.819531	4.98039
0.822619	4.98039
0.825706	4.62745
0.828794	4.4902
0.831882	4.7451
0.834969	4.98039
0.838057	4.98039
0.841144	4.98039
0.844232	4.90196
0.847319	4.29412
0.850407	4.56863
0.853494	4.98039
0.856582	4.98039
0.859669	4.98039
0.862757	4.54902
0.865844	3.96078
0.868932	3.96078
0.872019	4.52941
0.875107	4.98039
0.878194	4.98039
0.881282	4.98039
0.884369	4.98039
0.887457	4.88235
0.890544	4.96078
0.893632	4.84314
0.896719	4.70588
0.899807	4.33333
0.902894	3.76471
0.905982	3.27451
0.90907	3.4902
0.912157	4.31373
0.915262	4.98039
0.918367	4.98039
0.921473	4.98039
0.924578	4.98039
0.927683	4.98039
0.930788	4.98039
0.933893	4.98039
0.936998	4.98039
0.940104	4.64706
0.943209	4.09804
0.946314	3.84314
0.949419	4.19608
0.952524	4.96078
0.955629	4.98039
0.958735	4.90196
0.96184	4.23529
0.964945	3.78431
0.96805	3.60784
0.971155	4
0.97426	4.76471
0.977365	4.98039
0.980471	4.98039
0.983576	4.98039
0.986681	4.98039
0.989786	4.98039
0.992891	5
0.995996	4.98039
0.999102	4.98039
1.00221	4.70588
1.00531	3.78431
1.00842	2.84314
1.01152	3.09804
1.01463	3.84314
1.01773	4.31373
1.02084	4.07843
1.02394	3.76471
1.02705	3.52941
1.03015	3.62745
1.03326	3.92157
1.03636	4.43137
1.03947	4.70588
1.04257	4.43137
1.04568	3.96078
1.04878	3.43137
1.05189	3.39216
1.05499	3.88235
1.0581	4.43137
1.0612	4.76471
1.06431	4.98039
1.06742	4.98039
1.07052	4.35294
1.07363	3.96078
1.07673	4.03922
1.07984	4.35294
1.08294	4.23529
1.08605	3.88235
1.08915	3.29412
1.09226	2.96078
1.09536	2.90196
1.09847	2.96078
1.10157	3
1.10468	2.66667
1.10778	1.76471
1.11089	2.05882
1.11399	2.60784
1.1171	3.23529
1.1202	3.4902
1.12331	3.37255
1.12641	3.35294
1.12952	3.4902
1.13262	3.98039
1.13573	4.62745
1.13883	4.98039
1.14194	4.90196
1.14504	4.37255
1.14815	3.94118
1.15125	3.70588
1.15436	4.05882
1.15746	4.03922
1.16057	3.52941
1.16368	2.86275
1.16678	2.31373
1.16989	2.19608
1.17299	2.27451
1.1761	2.15686
1.1792	1.7451
1.18231	1.09804
1.18541	0.607843
1.18852	0.666667
1.19162	1.01961
1.19473	1.54902
1.19783	1.43137
1.20094	1.27451
1.20404	1.23529
1.20715	1.52941
1.21025	2.01961
1.21336	2.58824
1.21646	2.82353
1.21957	2.5098
1.22267	1.7451
1.22578	1.37255
1.22888	1.66667
1.23196	2.17647
1.23504	2.70588
1.23812	3.01961
1.2412	2.4902
1.24428	2.5098
1.24736	2.92157
1.25044	3.4902
1.25352	3.70588
1.25659	3.54902
1.25967	3.21569
1.26275	2.60784
1.26583	1.94118
1.26891	1.90196
1.27199	2.17647
1.27507	2.23529
1.27815	2.09804
1.28123	1.68627
1.2843	1.78431
1.28738	2.05882
1.29046	2.21569
1.29354	1.96078
1.29662	1.4902
1.2997	1.21569
1.30278	1.37255
1.30586	1.80392
1.30894	2.52941
1.31202	3.13725
1.31509	3.35294
1.31817	3.45098
1.32125	3.82353
1.32433	4.98039
1.32741	4.98039
1.33049	4.98039
1.33357	4.98039
1.33665	4.98039
1.33973	4.94118
1.3428	4.88235
1.34588	4.98039
1.34896	4.80392
1.35204	4.33333
1.35512	3.86275
1.3582	3.68627
1.36128	3.80392
1.36436	4.17647
1.36744	4.07843
1.37051	3.54902
1.37359	2.94118
1.37667	2.62745
1.37975	2.68627
1.38283	2.86275
1.38591	3.03922
1.38899	3
1.39207	2.86275
1.39515	3.11765
1.39823	3.2549
1.4013	3.15686
1.40438	3.56863
1.40746	3.80392
1.41054	3.70588
1.41362	3.68627
1.4167	3.80392
1.41978	4.11765
1.42286	4.35294
1.42594	4.62745
1.42901	4.84314
1.43209	4.78431
1.43517	4.58824
1.43825	4.2549
1.44133	4.17647
1.44441	4.19608
1.44749	4.21569
1.45057	4.21569
1.45365	3.92157
1.45673	3.72549
1.4598	3.7451
1.46288	3.98039
1.46596	4.15686
1.46904	4.17647
1.47212	3.92157
1.4752	3.68627
1.47828	3.58824
1.48136	3.66667
1.48444	3.86275
1.48751	4.01961
1.49059	4.03922
1.49367	3.78431
1.49675	3.76471
1.49983	3.90196
1.50291	4.21569
1.50599	4.43137
1.50907	4.47059
1.51215	4.35294
1.51522	4.09804
1.5183	4
1.52138	4
1.52446	4.17647
1.52754	4.29412
1.53062	4.15686
1.5337	3.84314
1.53678	3.60784
1.53986	3.54902
1.54294	3.70588
1.54602	4.03922
1.5491	4.19608
1.55218	4.19608
1.55526	3.96078
1.55834	3.86275
1.56142	3.98039
1.5645	4.33333
1.56758	4.5098
1.57066	4.60784
1.57374	4.54902
1.57682	4.4902
1.5799	4.60784
1.58298	4.98039
1.58606	4.98039
1.58914	4.98039
1.59222	4.78431
1.5953	4.39216
1.59838	4.03922
1.60146	3.96078
1.60454	4.05882
1.60762	4.19608
1.6107	4.17647
1.61379	3.92157
1.61687	3.68627
1.61995	3.54902
1.62303	3.66667
1.62611	3.88235
1.62919	3.7451
1.63227	3.41176
1.63535	2.78431
1.63843	2.35294
1.64151	2.35294
1.64459	2.43137
1.64767	2.45098
1.65075	2.23529
1.65383	1.90196
1.65691	1.5098
1.65999	1.47059
1.66307	1.76471
1.66615	2.13725
1.66923	2.47059
1.67231	2.54902
1.67539	2.70588
1.67847	3.23529
1.68155	3.80392
1.68463	4.29412
1.68771	4.60784
1.69079	4.64706
1.69387	4.86275
1.69696	4.98039
1.70004	4.98039
1.70312	4.98039
1.7062	4.98039
1.70928	4.98039
1.71236	4.98039
1.71544	4.98039
1.71852	4.98039
1.7216	4.98039
1.72468	4.82353
1.72776	4
1.73084	3.09804
1.73392	2.27451
1.737	1.82353
1.74008	1.82353
1.74316	1.84314
1.74624	1.54902
1.74932	1.11765
1.7524	0.882353
1.75548	1.60784
1.75856	2.47059
1.76164	3.27451
1.76472	3.62745
1.7678	3.7451
1.77088	3.94118
1.77396	4.43137
1.77704	4.98039
1.78013	4.98039
1.78321	5
1.78629	4.98039
1.78937	4.98039
1.79245	4.98039
1.79553	5
1.79861	4.98039
1.80169	4.98039
1.80477	4.98039
1.80785	4.80392
1.81093	4.45098
1.81401	4.62745
1.81709	4.98039
1.82017	4.98039
1.82325	4.98039
1.82633	4.90196
1.82941	4.35294
1.83249	3.98039
1.83557	3.96078
1.83865	4.23529
1.84173	3.66667
1.84481	2.86275
1.84789	2.37255
1.85097	2.21569
1.8541	2.35294
1.85722	2.54902
1.86034	2.78431
1.86346	2.94118
1.86659	2.66667
1.86971	2.98039
1.87283	3.37255
1.87595	4.05882
1.87907	4.92157
1.8822	4.98039
1.88532	4.98039
1.88844	4.98039
1.89156	4.98039
1.89469	4.98039
1.89781	4.98039
1.90093	4.82353
1.90405	3.98039
1.90718	3.05882
1.9103	2.33333
1.91342	2.13725
1.91654	2.29412
1.91966	2.56863
1.92279	2.4902
1.92591	2.09804
1.92903	1.98039
1.93215	3.11765
1.93528	3.05882
1.9384	2.7451
1.94152	2.47059
1.94464	1.60784
1.94777	0.705882
1.95089	0.392157
1.95401	0.686275
1.95713	1.4902
1.96026	2.33333
1.96338	2.80392
1.9665	2.7451
1.96962	2.17647
1.97274	1.66667
1.97587	1.70588
1.97899	2.56863
1.98211	3.72549
1.98523	4.45098
1.98836	4.5098
1.99148	4.01961
1.9946	3.72549
1.99772	3.58824
2.00085	3.64706
2.00397	3.31373
2.00709	2.23529
2.01021	0.862745
2.01333	0
2.01646	0
2.01958	0
2.0227	0.254902
2.02582	0.529412
2.02895	0.254902
2.03207	0
2.03519	0
2.03831	0.0196078
2.04144	0.411765
2.04456	1.29412
2.04768	1.76471
2.0508	1.64706
2.05393	1.33333
2.05705	1.07843
2.06017	2.4902
2.06329	3.37255
2.06641	3.23529
2.06954	2.58824
2.07266	1.7451
2.07578	1.31373
2.0789	1.72549
2.08203	2.58824
2.08515	3.2549
2.08827	3.33333
2.09139	3.15686
2.09452	3.11765
2.09764	3.72549
2.10076	4.86275
2.10388	4.98039
2.107	4.98039
2.11013	4.98039
2.11325	4.7451
2.11637	4.70588
2.11949	4.98039
2.12262	4.98039
2.12574	4.43137
2.12886	3.11765
2.13198	1.60784
2.13511	0.627451
2.13823	0.313726
2.14135	0.803922
2.14447	1.23529
2.14759	0.568627
2.15072	0.509804
2.15384	1.19608
2.15696	2.52941
2.16008	4.21569
2.16321	4.98039
2.16633	5
2.16945	5
2.17254	5
2.17563	5
2.17871	5
2.1818	5
2.18489	5
2.18797	5
2.19106	5
2.19415	5
2.19723	5
2.20032	4.98039
2.20341	4.98039
2.2065	4.90196
2.20958	3.96078
2.21267	2.90196
2.21576	2.56863
2.21884	2.88235
2.22193	2.84314
2.22502	2.31373
2.22811	1.33333
2.23119	0.882353
2.23428	2.09804
2.23737	3.01961
2.24045	3.37255
2.24354	3.2549
2.24663	2.92157
2.24971	2.5098
2.2528	2.72549
2.25589	3.35294
2.25898	3.60784
2.26206	2.98039
2.26515	2.23529
2.26824	1.88235
2.27132	2.05882
2.27441	2.60784
2.2775	3.92157
2.28058	4.19608
2.28367	3.94118
2.28676	3.66667
2.28985	3.88235
2.29293	4.27451
2.29602	4.88235
2.29911	4.98039
2.30219	4.58824
2.30528	3.88235
2.30837	3.60784
2.31146	3.47059
2.31454	3.68627
2.31763	3.90196
2.32072	3.01961
2.3238	2.58824
2.32689	2.76471
2.32998	3.64706
2.33306	4.39216
2.33615	4.29412
2.33924	3.41176
2.34233	2.17647
2.34541	1.35294
2.3485	1.72549
2.35159	2.43137
2.35467	2.80392
2.35776	2.80392
2.36085	2.84314
2.36393	2.41176
2.36702	0.470588
2.37011	0
2.3732	0
2.37628	0
2.37937	0
2.38246	0
2.38554	0
2.38863	0
2.39172	0
2.39481	0
2.39789	0.607843
2.40098	3.19608
2.40407	5
2.40715	5
2.41024	5
2.41333	5
2.41641	5
2.4195	5
2.42259	5
2.42568	4.78431
2.42876	3.72549
2.43185	2.88235
2.43494	2.29412
2.43802	0.921569
2.44111	0
2.4442	0
2.44729	0.137255
2.45037	1.70588
2.45346	0.921569
2.45655	0.196078
2.45963	0.0784314
2.46272	0
2.46581	0.784314
2.46889	1.07843
2.47198	0
2.47507	0
2.47816	0.784314
2.48124	1.17647
2.48433	1.31373
2.48741	0.705882
2.4905	0
2.49359	0
2.49667	0
2.49976	0
2.50284	0.0392157
2.50593	0
2.50901	0
2.5121	0
2.51518	0.568627
2.51827	1.19608
2.52136	2.54902
2.52444	3.54902
2.52753	3.70588
2.53061	3.76471
2.5337	2.66667
2.53678	1.13725
2.53987	1.86275
2.54295	2.05882
2.54604	5
2.54913	4.98039
2.55221	4.21569
2.5553	2.96078
2.55838	1.7451
2.56147	1.31373
2.56455	0.823529
2.56764	1.41176
2.57073	2.07843
2.57381	1.62745
2.5769	5
2.57998	4.17647
2.58307	2.60784
2.58615	1.43137
2.58924	0.411765
2.59232	0
2.59541	0.156863
2.5985	0.0588235
2.60158	0
2.60467	0
2.60775	0
2.61084	0
2.61392	0
2.61701	0
2.6201	0
2.62318	0
2.62627	0
2.62935	0
2.63244	0
2.63552	0
2.63861	0
2.64169	0
2.64478	0
2.64787	0
2.65095	0
2.65404	0
2.65712	0
2.66021	0
2.66329	0.0392157
2.66638	0
2.66947	0.117647
2.67255	0.764706
2.67564	1.13725
2.67872	1.5098
2.68181	1.66667
2.68489	1.4902
2.68798	1.58824
2.69106	1.78431
2.69415	1.86275
2.69724	1.64706
2.70032	1.45098
2.70341	1.62745
2.70649	2.45098
2.70958	2.80392
2.71266	2.43137
2.71575	1.88235
2.71883	1.13725
2.72192	1.01961
2.72501	1.2549
2.72809	1.76471
2.73118	2.17647
2.73426	2.35294
2.73735	2.54902
2.74043	2.13725
2.74352	1.94118
2.74661	2.52941
2.74969	3.41176
2.75278	3.64706
2.75586	3.37255
2.75895	3.98039
2.76203	4.01961
2.76512	4.01961
2.7682	3.19608
2.77129	2.52941
2.77438	1.88235
2.77746	1.66667
2.78055	2.62745
2.78363	3.72549
2.78672	3.39216
2.7898	1.80392
2.79289	0.960784
2.79598	0.117647
2.79908	0.588235
2.80219	0.941176
2.8053	1
2.80841	2.37255
2.81152	2.5098
2.81463	2.45098
2.81774	1.03922
2.82085	0.254902
2.82396	1.80392
2.82706	2.56863
2.83017	2.78431
2.83328	3
2.83639	3.27451
2.8395	1.96078
2.84261	0.921569
2.84572	0.27451
2.84883	0.823529
2.85194	0.882353
2.85505	1.72549
2.85815	2.92157
2.86126	2.47059
2.86437	1.43137
2.86748	1.37255
2.87059	1.47059
2.8737	1.86275
2.87681	1.62745
2.87992	1.01961
2.88303	2.76471
2.88614	3.76471
2.88924	1.5098
2.89235	0
2.89546	0
2.89857	0
2.90168	0
2.90479	0
2.9079	0
2.91101	0
2.91412	0
2.91723	0
2.92033	0
2.92344	0
2.92655	0
2.92966	0
2.93277	0
2.93588	0
2.93899	0
2.9421	0
2.94521	0
2.94832	0
2.95142	0
2.95453	0
2.95764	0
2.96075	0
2.96386	0
2.96697	0
2.97008	0.0588235
2.97319	0.254902
2.9763	0.941176
2.9794	1.5098
2.98251	1.86275
2.98562	2.43137
2.98873	2.96078
2.99184	3.29412
2.99495	3.45098
2.99806	3.33333
3.00117	3.15686
3.00428	3.37255
3.00739	3.76471
3.01049	4.07843
3.0136	4.07843
3.01671	3.01961
3.01982	1.92157
3.02293	1.21569
3.02604	1.31373
3.02915	1.72549
3.03226	2.11765
3.03537	2.23529
3.03848	2.31373
3.04158	2.84314
3.04469	3.70588
3.0478	4.80392
3.05091	4.98039
3.05402	4.98039
3.05713	4.98039
3.06024	4.98039
3.06335	4.98039
3.06646	5
3.06957	4.98039
3.07267	5
3.07578	5
3.07889	5
3.082	5
3.08511	5
3.08822	5
3.09133	5
3.09444	5
3.09755	4.98039
3.10066	5
3.10376	5
3.10687	4.98039
3.10998	5
3.11308	5
3.11617	4.98039
3.11927	4.98039
3.12236	4.98039
3.12546	4.98039
3.12855	4.98039
3.13165	4.98039
3.13474	4.98039
3.13784	4.98039
3.14093	4.98039
3.14403	4.98039
3.14712	4.98039
3.15022	4.98039
3.15331	4.98039
3.15641	4.98039
3.1595	4.98039
3.1626	5
3.16569	5
3.16879	4.98039
3.17189	4.98039
3.17498	4.96078
3.17808	4.70588
3.18117	4.90196
3.18427	4.98039
3.18736	4.90196
3.19046	4.07843
3.19355	3.05882
3.19665	2.70588
3.19974	3.13725
3.20284	3.70588
3.20593	3.76471
3.20903	3.37255
3.21212	2.72549
3.21522	2.29412
3.21831	2.5098
3.22141	3.13725
3.2245	3.70588
3.2276	3.66667
3.23069	2.5098
3.23379	2.35294
3.23688	3.09804
3.23998	4.13725
3.24307	4.70588
3.24617	4.54902
3.24926	3.90196
3.25236	3.23529
3.25545	3.13725
3.25855	3.58824
3.26164	4.09804
3.26474	3.94118
3.26783	3.13725
3.27093	2.13725
3.27402	1.52941
3.27712	1.60784
3.28022	2.27451
3.28331	2.82353
3.28641	2.78431
3.2895	2.45098
3.2926	2.27451
3.29569	2.66667
3.29879	3.4902
3.30188	4.76471
3.30498	4.98039
3.30807	4.98039
3.31117	4.98039
3.31426	4.98039
3.31736	4.98039
3.32045	5
3.32355	5
3.32664	4.98039
3.32974	4.98039
3.33283	4.98039
3.33593	4.98039
3.33902	5
3.34212	5
3.34521	4.98039
3.34831	4.98039
3.3514	4.80392
3.3545	4.07843
3.35759	3.70588
3.36069	4.05882
3.36378	4.7451
3.36688	4.98039
3.36997	4.52941
3.37307	3.78431
3.37616	3.31373
3.37926	3.60784
3.38236	4.35294
3.38545	4.98039
3.38855	4.84314
3.39164	3.82353
3.39474	1.88235
3.39783	1.7451
3.40093	2.43137
3.40402	3.39216
3.40712	3.98039
3.41021	3.80392
3.41331	3.23529
3.4164	2.64706
3.4195	2.4902
3.42259	3.35294
3.42569	4.7451
3.42876	4.98039
3.43184	4.98039
3.43491	4.66667
3.43798	4.56863
3.44106	4.98039
3.44413	5
3.44721	4.98039
3.45028	4.98039
3.45335	4.98039
3.45643	4.98039
3.4595	4.98039
3.46258	4.98039
3.46565	4.98039
3.46873	4.96078
3.4718	4.11765
3.47487	3.39216
3.47795	3.2549
3.48102	3.47059
3.4841	3.92157
3.48717	4.07843
3.49024	2.5098
3.49332	2.05882
3.49639	2.54902
3.49947	3.43137
3.50254	4.11765
3.50562	4.09804
3.50869	3.58824
3.51176	2.82353
3.51484	2.2549
3.51791	2.54902
3.52099	3.7451
3.52406	4.29412
3.52713	3.52941
3.53021	2.54902
3.53328	1.15686
3.53636	1.23529
3.53943	1.52941
3.54251	1.70588
3.54558	1.58824
3.54865	0.843137
3.55173	0.333333
3.5548	0.431373
3.55788	1.17647
3.56095	1.70588
3.56402	1.45098
3.5671	0.666667
3.57017	0.0588235
3.57325	0.156863
3.57632	1.60784
3.5794	1.84314
3.58247	1.58824
3.58554	1.21569
3.58862	1.09804
3.59169	1.64706
3.59477	2.4902
3.59784	3.27451
3.60091	3.54902
3.60399	3.2549
3.60706	2.92157
3.61014	2.84314
3.61321	3.13725
3.61629	3.62745
3.61936	3.33333
3.62243	2.7451
3.62551	2.2549
3.62858	2.01961
3.63166	2.15686
3.63473	2.37255
3.6378	2.05882
3.64088	1.43137
3.64395	0.666667
3.64703	0.509804
3.6501	0.862745
3.65318	1.62745
3.65625	2.35294
3.65932	2.41176
3.6624	1.94118
3.66547	2.33333
3.66855	2.92157
3.67162	3.17647
3.6747	3.23529
3.67777	2.92157
3.68084	2.45098
3.68392	2.2549
3.68699	2.37255
3.69007	2.7451
3.69314	3
3.69621	2.82353
3.69929	2.31373
3.70236	1.76471
3.70544	1.70588
3.70851	2.07843
3.71159	2.33333
3.71466	2.23529
3.71773	1.84314
3.72081	1.56863
3.72388	1.72549
3.72696	2.27451
3.73003	3.07843
3.7331	3.68627
3.73618	3.68627
3.73925	3.27451
3.74238	3.13725
3.7455	3.39216
3.74862	3.76471
3.75175	4.11765
3.75487	3.96078
3.758	3.47059
3.76112	3.05882
3.76424	2.92157
3.76737	3.17647
3.77049	3.52941
3.77361	3.58824
3.77674	3.17647
3.77986	2.62745
3.78299	2.33333
3.78611	2.45098
3.78923	2.88235
3.79236	3.19608
3.79548	3.29412
3.7986	2.90196
3.80173	2.58824
3.80485	2.45098
3.80798	2.62745
3.8111	2.94118
3.81422	3.23529
3.81735	3.29412
3.82047	3.01961
3.82359	2.76471
3.82672	2.80392
3.82984	3.11765
3.83297	3.52941
3.83609	3.70588
3.83921	3.60784
3.84234	3.09804
3.84546	2.68627
3.84858	2.70588
3.85171	3.03922
3.85483	3.41176
3.85796	3.52941
3.86108	3.17647
3.8642	2.82353
3.86733	2.72549
3.87045	2.98039
3.87357	3.39216
3.8767	3.60784
3.87982	3.4902
3.88295	3.03922
3.88607	2.76471
3.88919	2.64706
3.89232	3.15686
3.89544	3.76471
3.89856	4.05882
3.90169	3.62745
3.90481	3.19608
3.90794	2.84314
3.91106	2.90196
3.91418	3.17647
3.91731	3.39216
3.92043	3.43137
3.92355	2.86275
3.92668	2.56863
3.9298	2.72549
3.93293	3.03922
3.93605	3.23529
3.93917	2.98039
3.9423	2.5098
3.94542	2.03922
3.94854	1.82353
3.95167	1.98039
3.95479	2.17647
3.95792	2.27451
3.96104	2.07843
3.96416	1.80392
3.96729	1.39216
3.97041	1.56863
3.97353	1.76471
3.97666	1.80392
3.97978	1.4902
3.98291	1.33333
3.98603	1.39216
3.98915	1.7451
3.99228	2.01961
3.9954	2.23529
3.99852	2.09804
4.00165	1.78431
4.00477	1.60784
4.0079	1.66667
4.01102	2.23529
4.01414	2.35294
4.01727	2.29412
4.02039	2.19608
4.02351	1.98039
4.02664	1.88235
4.02976	2.33333
4.03289	2.72549
4.03601	2.94118
4.03913	2.76471
4.04226	2.70588
4.04538	2.76471
4.0485	3.13725
4.05163	3.58824
4.05475	3.64706
4.05786	3.27451
4.06096	3.01961
4.06406	2.98039
4.06716	3.15686
4.07027	3.35294
4.07337	3.41176
4.07647	3.19608
4.07957	2.90196
4.08268	2.70588
4.08578	2.88235
4.08888	3.27451
4.09199	3.60784
4.09509	3.68627
4.09819	3.60784
4.10129	3.84314
4.1044	3.86275
4.1075	3.96078
4.1106	4.21569
4.11371	4.29412
4.11681	4.05882
4.11991	3.90196
4.12301	4
4.12612	4.37255
4.12922	4.66667
4.13232	4.80392
4.13542	4.56863
4.13853	4.13725
4.14163	3.68627
4.14473	3.86275
4.14784	4.05882
4.15094	4
4.15404	3.60784
4.15714	3.13725
4.16025	2.82353
4.16335	2.94118
4.16645	3.29412
4.16956	3.4902
4.17266	3.33333
4.17576	2.98039
4.17886	2.72549
4.18197	2.82353
4.18507	3.21569
4.18817	3.64706
4.19127	3.92157
4.19438	3.84314
4.19748	3.5098
4.20058	3.13725
4.20369	3.17647
4.20679	3.54902
4.20989	3.90196
4.21299	3.92157
4.2161	3.5098
4.2192	2.96078
4.2223	2.56863
4.22541	2.62745
4.22851	3
4.23161	3.31373
4.23471	3.17647
4.23782	2.70588
4.24092	2.29412
4.24402	2.17647
4.24712	2.45098
4.25023	2.76471
4.25333	2.90196
4.25643	2.56863
4.25954	2.09804
4.26264	1.78431
4.26574	1.84314
4.26884	2.17647
4.27195	2.7451
4.27505	3.15686
4.27815	3.19608
4.28126	3.05882
4.28436	2.88235
4.28746	3.33333
4.29056	3.96078
4.29367	4.43137
4.29677	4.60784
4.29987	4.52941
4.30297	4.41176
4.30608	4.54902
4.30918	4.82353
4.31228	4.98039
4.31539	4.98039
4.31849	4.70588
4.32159	3.76471
4.32469	3.05882
4.3278	2.88235
4.3309	3.07843
4.334	3.41176
4.33711	3.27451
4.34021	2.7451
4.34331	2.07843
4.34641	1.7451
4.34952	2
4.35262	2.58824
4.35572	3.17647
4.35882	3.15686
4.36193	2.94118
4.36503	2.94118
4.36813	3.21569
4.37121	3.60784
4.37428	3.88235
4.37735	3.68627
4.38042	3.31373
4.38349	3.11765
4.38657	3.33333
4.38964	3.94118
4.39271	4.72549
4.39578	4.98039
4.39886	4.98039
4.40193	4.37255
4.405	4.4902
4.40807	4.80392
4.41114	4.98039
4.41422	4.86275
4.41729	4.05882
4.42036	3.21569
4.42343	2.72549
4.42651	2.72549
4.42958	3.09804
4.43265	3.27451
4.43572	2.90196
4.4388	2.15686
4.44187	1.4902
4.44494	1.70588
4.44801	2.29412
4.45108	2.62745
4.45416	2.33333
4.45723	1.82353
4.4603	1.82353
4.46337	2.27451
4.46645	2.90196
4.46952	3.27451
4.47259	2.96078
4.47566	2.03922
4.47873	0.921569
4.48181	0.45098
4.48488	0.666667
4.48795	1.5098
4.49102	1.03922
4.4941	0.27451
4.49717	0
4.50024	0.0588235
4.50331	0.764706
4.50638	1.78431
4.50946	2.60784
4.51253	3
4.5156	3.45098
4.51867	4.94118
4.52175	4.98039
4.52482	4.98039
4.52789	4.98039
4.53096	3.80392
4.53404	2.94118
4.53711	2.78431
4.54018	3.21569
4.54325	3.7451
4.54632	3.98039
4.5494	3.15686
4.55247	1.7451
4.55554	0.823529
4.55861	0.627451
4.56169	1.13725
4.56476	2.11765
4.56783	2.76471
4.5709	2.64706
4.57397	1.58824
4.57705	1.47059
4.58012	1.98039
4.58319	2.62745
4.58626	2.43137
4.58934	1.78431
4.59241	1.15686
4.59548	0.980392
4.59855	1.39216
4.60162	2
4.6047	2.47059
4.60777	2.4902
4.61084	2.05882
4.61391	1.45098
4.61699	1.64706
4.62006	2.98039
4.62313	3.52941
4.6262	3.35294
4.62928	2.88235
4.63235	2.2549
4.63542	2.19608
4.63849	2.70588
4.64156	3.41176
4.64464	3.58824
4.64771	3.09804
4.65078	2.23529
4.65385	1.60784
4.65693	1.4902
4.66	1.90196
4.66307	2.43137
4.66614	2.17647
4.66921	1.47059
4.67229	0.745098
4.67536	0.45098
4.67843	0.843137
4.68155	1.62745
4.68467	2.09804
4.68779	1.96078
4.6909	1.37255
4.69402	0.882353
4.69714	1.09804
4.70026	1.78431
4.70338	2.66667
4.70649	3
4.70961	2.70588
4.71273	2.17647
4.71585	1.86275
4.71897	2.15686
4.72208	2.86275
4.7252	3.7451
4.72832	3.90196
4.73144	3.56863
4.73456	3.19608
4.73767	3.09804
4.74079	3.72549
4.74391	4.56863
4.74703	4.98039
4.75015	4.64706
4.75326	3.86275
4.75638	2.96078
4.7595	2.62745
4.76262	3.01961
4.76574	3.64706
4.76885	3.82353
4.77197	3.5098
4.77509	2.98039
4.77821	2.4902
4.78133	2.66667
4.78444	3.35294
4.78756	3.84314
4.79068	3.70588
4.7938	3.05882
4.79692	2.35294
4.80003	1.94118
4.80315	1.94118
4.80627	2.11765
4.80939	2.64706
4.81251	2.66667
4.81563	2.03922
4.81874	1.80392
4.82186	2
4.82498	2.72549
4.8281	3.5098
4.83122	3.68627
4.83433	2.90196
4.83745	2.31373
4.84057	2.56863
4.84369	3.29412
4.84681	4.09804
4.84992	4.43137
4.85304	4.33333
4.85616	4.13725
4.85928	3.90196
4.8624	3.70588
4.86551	4.2549
4.86863	4.98039
4.87175	4.98039
4.87487	4.98039
4.87799	4.98039
4.88111	4.98039
4.88422	4.98039
4.88734	4.98039
4.89046	4.98039
4.89358	5
4.8967	4.98039
4.89982	4.98039
4.90294	4.98039
4.90605	5
4.90917	5
4.91229	5
4.91541	4.98039
4.91853	4.68627
4.92165	3.2549
4.92477	3.15686
4.92788	3.41176
4.931	3.90196
4.93412	4.33333
4.93724	4.72549
4.94036	4.98039
4.94348	4.98039
4.9466	4.47059
4.94971	3.45098
4.95283	2.27451
4.95595	1.33333
4.95907	0.980392
4.96219	0.882353
4.96531	0.666667
4.96842	0.333333
4.97154	0
4.97466	0
4.97778	0.0980392
4.9809	0.568627
4.98402	0.882353
4.98714	0.843137
4.99025	0.941176
4.99337	0.980392
4.99647	1.05882
4.99957	1.21569
5.00267	1.72549
5.00577	1.96078
5.00887	1.90196
5.01197	2.35294
5.01507	3.37255
5.01817	4.58824
5.02127	4.86275
5.02437	4.4902
5.02747	3.5098
5.03057	2.13725
5.03367	1.09804
5.03677	0.470588
5.03986	0.117647
5.04296	0
5.04606	0
5.04916	0
5.05226	0
5.05536	0
5.05846	0
5.06156	0
5.06466	0
5.06776	0
5.07086	0
5.07396	0.176471
5.07706	0.803922
5.08016	1.70588
5.08326	2.54902
5.08636	3.33333
5.08946	3.92157
5.09256	4.41176
5.09565	4.68627
5.09875	4.37255
5.10185	3.56863
5.10495	2.4902
5.10805	1.15686
5.11115	0.0196078
5.11425	0
5.11735	0
5.12045	0
5.12355	0
5.12665	0
5.12975	0
5.13285	0
5.13595	0
5.13905	0
5.14215	0
5.14525	0
5.14834	0
5.15144	0
5.15454	0
5.15764	0
5.16074	0
5.16384	0
5.16694	0
5.17004	0
5.17314	0.0196078
5.17624	0.333333
5.17934	0.882353
5.18244	1.39216
5.18554	1.60784
5.18864	1.58824
5.19174	1.58824
5.19484	1.88235
5.19794	2.21569
5.20104	2.43137
5.20413	2.29412
5.20723	1.94118
5.21033	1.4902
5.21343	1.21569
5.21653	1.23529
5.21963	1.37255
5.22273	1.35294
5.22583	1.15686
5.22893	0.72549
5.23203	0.372549
5.23513	0.294118
5.23823	0.607843
5.24133	1.21569
5.24443	1.80392
5.24753	2.33333
5.25063	2.94118
5.25373	3.70588
5.25683	4.78431
5.25992	4.98039
5.26302	5
5.26612	5
5.26922	5
5.27232	5
5.27542	4.98039
5.27852	4.98039
5.28162	4.90196
5.28472	3.29412
5.28782	1.03922
5.29092	0
5.29402	0
5.29712	0.0392157
5.30022	0.294118
5.30332	0.333333
5.30642	0
5.30949	0
5.31256	0
5.31563	0
5.3187	0
5.32177	0
5.32484	0
5.32791	0
5.33098	0
5.33405	0
5.33712	0
5.3402	0
5.34327	0
5.34634	0
5.34941	0
5.35248	0
5.35555	0
5.35862	0
5.36169	0
5.36476	0
5.36783	0
5.3709	0
5.37397	0
5.37705	0
5.38012	0
5.38319	0
5.38626	0
5.38933	0
5.3924	0
5.39547	0
5.39854	0
5.40161	0
5.40468	0
5.40775	0
5.41082	0
5.4139	0
5.41697	0
5.42004	0
5.42311	0
5.42618	0
5.42925	0
5.43232	0
5.43539	0.980392
5.43846	1.86275
5.44153	2.72549
5.4446	3
5.44767	3.31373
5.45075	3.5098
5.45382	3.60784
5.45689	3.37255
5.45996	3.07843
5.46303	2.80392
5.4661	2.66667
5.46917	3.13725
5.47224	3.62745
5.47531	4.01961
5.47838	4.35294
5.48145	4.39216
5.48452	4.21569
5.4876	4.33333
5.49067	4.84314
5.49374	4.98039
5.49681	4.98039
5.49988	4.98039
5.50295	4.98039
5.50602	4.98039
5.50909	4.98039
5.51216	4.98039
5.51523	4.98039
5.5183	4.78431
5.52137	4.23529
5.52445	3.72549
5.52752	3.33333
5.53059	3.5098
5.53366	3.68627
5.53673	3.5098
5.5398	3.07843
5.54287	2.66667
5.54594	2.66667
5.54901	3.23529
5.55208	3.82353
5.55515	3.7451
5.55822	3.2549
5.5613	2.86275
5.56437	2.94118
5.56744	3.35294
5.57051	4.05882
5.57358	4.56863
5.57665	4.60784
5.57972	4.39216
5.58279	4.11765
5.58586	3.96078
5.58893	4.01961
5.592	4.27451
5.59507	3.19608
5.59815	2.64706
5.60122	2.11765
5.60429	1.94118
5.60736	2.17647
5.61043	2.62745
5.6135	2.96078
5.61657	2.80392
5.61967	2.39216
5.62276	1.88235
5.62586	1.76471
5.62896	1.98039
5.63205	2.41176
5.63515	2.56863
5.63825	2.2549
5.64134	1.88235
5.64444	1.62745
5.64754	1.68627
5.65063	1.94118
5.65373	2.33333
5.65683	2.23529
5.65992	1.72549
5.66302	0.54902
5.66612	0
5.66921	0
5.67231	0
5.67541	0
5.6785	0
5.6816	0
5.6847	0
5.68779	0
5.69089	0
5.69398	0
5.69708	0
5.70018	0
5.70327	0
5.70637	0
5.70947	0
5.71256	0
5.71566	0
5.71876	0
5.72185	0
5.72495	0
5.72805	0
5.73114	0
5.73424	0
5.73734	0
5.74043	0
5.74353	0
5.74663	0
5.74972	0
5.75282	0
5.75592	0
5.75901	0
5.76211	0
5.76521	0
5.7683	0
5.7714	0
5.7745	0
5.77759	0.0392157
5.78069	0
5.78379	0
5.78688	0
5.78998	0
5.79308	0.0196078
5.79617	0.0588235
5.79927	0.0980392
5.80237	0
5.80546	0
5.80856	0
5.81166	0.0196078
5.81475	0.215686
5.81785	0.313726
5.82094	0.117647
5.82404	0
5.82714	0
5.83023	0.0392157
5.83333	0.352941
5.83643	0
5.83952	0
5.84262	0
5.84572	0
5.84881	0
5.85191	0
5.85501	0
5.8581	0
5.8612	0
5.8643	0
5.86739	0
5.87049	0
5.87359	0
5.87668	0
5.87978	0
5.88288	0
5.88597	0
5.88907	0
5.89217	0
5.89526	0
5.89836	0
5.90146	0
5.90455	0
5.90765	0
5.91075	0
5.91384	0
5.91694	0
5.92004	0
5.92313	0
5.92623	0
5.92933	0
5.93242	0
5.9355	0
5.93859	0
5.94168	0
5.94477	0
5.94786	0
5.95095	0
5.95404	0
5.95713	0
5.96022	0
5.96331	0
5.9664	0
5.96949	0
5.97258	0
5.97567	0
5.97876	0
5.98185	0
5.98494	0
5.98803	0
5.99112	0
5.99421	0
5.9973	0
6.00039	0
6.00348	0
6.00657	0
6.00966	0
6.01275	0
6.01584	0
6.01893	0
6.02202	0
6.02511	0
6.0282	0
6.03129	0
6.03438	0
6.03747	0
6.04056	0
6.04365	0
6.04674	0
6.04983	0
6.05292	0
6.05601	0
6.0591	0
6.06219	0
6.06528	0
6.06837	0
6.07146	0
6.07455	0
6.07764	0
6.08073	0.0196078
6.08382	0.235294
6.08691	0.568627
6.09	0.294118
6.09309	0.0196078
6.09618	0
6.09927	0.0784314
6.10236	0.176471
6.10545	0.313726
6.10854	0.45098
6.11163	0.431373
6.11472	0.392157
6.11781	0.0784314
6.1209	0.0980392
6.12399	0.235294
6.12708	0.372549
6.13017	0.490196
6.13326	0.411765
6.13635	0.156863
6.13944	0.176471
6.14253	0.392157
6.14562	0.313726
6.14871	0.352941
6.1518	0.431373
6.15489	0.431373
6.15798	0.568627
6.16107	0.843137
6.16416	1.09804
6.16725	1.33333
6.17034	0.941176
6.17343	0.392157
6.17652	0
6.17961	0.117647
6.1827	0.411765
6.18579	0.784314
6.18888	1.11765
6.19197	1.33333
6.19506	1.37255
6.19815	1.19608
6.20124	0.803922
6.20433	0.686275
6.20742	0.72549
6.21051	0.784314
6.2136	0.686275
6.21669	0.431373
6.21978	0.411765
6.22287	0.529412
6.22596	0.509804
6.22905	0.823529
6.23214	0.941176
6.23523	0.901961
6.23832	0.764706
6.24141	0.803922
6.2445	1.07843
6.24757	1.03922
6.25064	0.764706
6.25371	0.647059
6.25678	0.54902
6.25985	0.54902
6.26292	0.705882
6.26599	1.31373
6.26906	1.29412
6.27213	0.764706
6.2752	0.333333
6.27827	0.333333
6.28135	0.529412
6.28442	0.647059
6.28749	0.745098
6.29056	0.803922
6.29363	0.588235
6.2967	0.392157
6.29977	0.333333
6.30284	0.196078
6.30591	0
6.30898	0
6.31205	0
6.31512	0.0196078
6.3182	0.137255
6.32127	0.45098
6.32434	0.784314
6.32741	0.882353
6.33048	0.901961
6.33355	0.843137
6.33662	0.960784
6.33969	1.43137
6.34276	1.88235
6.34583	1.80392
6.3489	1.52941
6.35197	1.96078
6.35505	2.35294
6.35812	2.62745
6.36119	2.68627
6.36426	2.90196
6.36733	3
6.3704	2.76471
6.37347	2.2549
6.37654	2.11765
6.37961	1.98039
6.38268	1.90196
6.38575	1.60784
6.38882	0.921569
6.3919	0.490196
6.39497	0.254902
6.39804	0.352941
6.40111	0.666667
6.40418	0.843137
6.40725	1
6.41032	1.17647
6.41339	1.70588
6.41646	2.17647
6.41953	2.41176
6.4226	2.45098
6.42567	2.60784
6.42875	2.92157
6.43182	3.31373
6.43489	3.60784
6.43796	4.09804
6.44103	4.21569
6.4441	4.11765
6.44717	3.92157
6.45024	3.7451
6.45331	3.54902
6.45638	3.29412
6.45945	3.05882
6.46252	2.86275
6.4656	2.88235
6.46867	2.78431
6.47174	2.78431
6.47481	2.58824
6.47788	2.4902
6.48095	2.2549
6.48402	2.2549
6.48709	2.84314
6.49016	3.60784
6.49323	4.15686
6.4963	3.90196
6.49937	3.90196
6.50245	3.76471
6.50552	3.84314
6.50859	3.94118
6.51166	3.84314
6.51473	3.84314
6.5178	3.7451
6.52087	3.64706
6.52394	3.64706
6.52701	3.7451
6.53008	3.54902
6.53315	3.15686
6.53622	3
6.5393	2.92157
6.54237	2.86275
6.54544	2.70588
6.54851	2.47059
6.55158	2.5098
6.55465	2.47059
6.55777	2.35294
6.56088	2.09804
6.564	2.03922
6.56712	2.01961
6.57024	2.19608
6.57335	2.29412
6.57647	2.15686
6.57959	1.98039
6.58271	1.96078
6.58582	1.82353
6.58894	1.90196
6.59206	1.96078
6.59518	2.07843
6.5983	2.07843
6.60141	1.94118
6.60453	1.98039
6.60765	2.05882
6.61077	2.2549
6.61388	2.39216
6.617	2.33333
6.62012	2.11765
6.62324	2.13725
6.62635	2.17647
6.62947	2.2549
6.63259	2.17647
6.63571	2.05882
6.63882	1.96078
6.64194	1.88235
6.64506	1.94118
6.64818	1.94118
6.65129	1.92157
6.65441	2.03922
6.65753	1.98039
6.66065	2
6.66376	2.07843
6.66688	2.23529
6.67	2.43137
6.67312	2.68627
6.67623	2.88235
6.67935	2.80392
6.68247	2.58824
6.68559	2.88235
6.6887	3.21569
6.69182	3.09804
6.69494	3.05882
6.69806	3.31373
6.70117	3.31373
6.70429	3.29412
6.70741	3.23529
6.71053	3.19608
6.71364	3.09804
6.71676	2.98039
6.71988	2.80392
6.723	2.60784
6.72612	2.47059
6.72923	2.39216
6.73235	2.29412
6.73547	2.35294
6.73859	2.5098
6.7417	2.45098
6.74482	2.52941
6.74794	2.62745
6.75106	2.54902
6.75417	2.64706
6.75729	2.98039
6.76041	3.37255
6.76353	3.37255
6.76664	3.15686
6.76976	3.19608
6.77288	3.33333
6.776	3.5098
6.77911	3.78431
6.78223	3.90196
6.78535	3.66667
6.78847	3.72549
6.79158	3.78431
6.7947	3.70588
6.79782	3.52941
6.80094	3.21569
6.80405	2.94118
6.80717	2.86275
6.81029	2.90196
6.81341	3.09804
6.81652	2.84314
6.81964	2.31373
6.82276	2.09804
6.82588	2.15686
6.82899	2.60784
6.83211	2.84314
6.83523	3
6.83835	2.94118
6.84146	3.03922
6.84458	3.15686
6.8477	3.45098
6.85082	4.15686
6.85394	4.60784
6.85705	4.72549
6.86017	4.66667
6.86329	4.94118
6.86641	4.98039
6.86952	5
6.87262	4.98039
6.87572	4.90196
6.87882	4.15686
6.88192	3.2549
6.88502	2.39216
6.88812	2
6.89122	1.60784
6.89432	1.13725
6.89742	0.901961
6.90052	0.745098
6.90362	0.705882
6.90672	0.72549
6.90982	0.764706
6.91292	0.843137
6.91601	1.17647
6.91911	1.54902
6.92221	2.64706
6.92531	3.66667
6.92841	4.15686
6.93151	4.21569
6.93461	4.01961
6.93771	3.78431
6.94081	3.52941
6.94391	3.13725
6.94701	3
6.95011	3.15686
6.95321	3.33333
6.95631	3.27451
6.95941	2.94118
6.96251	2.41176
6.96561	1.92157
6.96871	1.43137
6.9718	0.980392
6.9749	0.607843
6.978	0.313726
6.9811	0.117647
6.9842	0
6.9873	0.137255
6.9904	0.568627
6.9935	0.882353
6.9966	1
6.9997	1.09804
7.0028	1.19608
7.0059	1.33333
7.009	1.47059
7.0121	1.58824
7.0152	1.60784
7.0183	1.54902
7.0214	1.43137
7.0245	1.31373
7.02759	1.66667
7.03069	2.01961
7.03379	2.2549
7.03689	1.80392
7.03999	1.64706
7.04309	1.72549
7.04619	1.76471
7.04929	2.03922
7.05239	1.92157
7.05549	1.94118
7.05859	2.09804
7.06169	1.98039
7.06479	1.72549
7.06789	1.33333
7.07099	1.41176
7.07409	1.70588
7.07719	1.70588
7.08029	1.41176
7.08338	1.11765
7.08648	1.07843
7.08958	0.862745
7.09268	0.647059
7.09578	0.705882
7.09888	0.941176
7.10198	0.882353
7.10508	0.666667
7.10818	0.490196
7.11128	0.392157
7.11438	0.431373
7.11748	0.588235
7.12058	0.705882
7.12368	0.627451
7.12678	0
7.12988	0
7.13298	0.352941
7.13608	0.921569
7.13917	1.21569
7.14227	1.29412
7.14537	1.33333
7.14847	1.37255
7.15157	1.41176
7.15467	1.7451
7.15777	1.98039
7.16087	2.01961
7.16397	1.88235
7.16707	1.70588
7.17017	1.66667
7.17327	1.72549
7.17637	1.7451
7.17947	2.07843
7.18257	2.17647
7.18564	2.15686
7.18871	2.23529
7.19178	2.43137
7.19485	2.64706
7.19792	2.94118
7.20099	3.15686
7.20406	3.33333
7.20713	3.19608
7.2102	3.23529
7.21327	3.31373
7.21635	3.5098
7.21942	3.45098
7.22249	3.35294
7.22556	3.29412
7.22863	3.21569
7.2317	3.29412
7.23477	3.47059
7.23784	3.45098
7.24091	3.13725
7.24398	2.86275
7.24705	2.68627
7.25012	2.58824
7.2532	2.4902
7.25627	2.43137
7.25934	2.47059
7.26241	2.39216
7.26548	2.29412
7.26855	2.45098
7.27162	2.54902
7.27469	2.76471
7.27776	2.92157
7.28083	2.94118
7.2839	2.86275
7.28697	2.98039
7.29005	3.31373
7.29312	3.4902
7.29619	3.64706
7.29926	3.76471
7.30233	3.76471
7.3054	3.29412
7.30847	3.29412
7.31154	3.03922
7.31461	3
7.31768	2.90196
7.32075	2.52941
7.32382	2.39216
7.3269	2.41176
7.32997	2.33333
7.33304	2.01961
7.33611	1.84314
7.33918	1.7451
7.34225	1.64706
7.34532	1.62745
7.34839	1.70588
7.35146	1.84314
7.35453	1.66667
7.3576	1.7451
7.36067	1.82353
7.36375	1.52941
7.36682	1.39216
7.36989	1.5098
7.37296	1.64706
7.37603	1.7451
7.3791	2.01961
7.38217	2.37255
7.38524	2.41176
7.38831	2.56863
7.39138	2.72549
7.39445	2.64706
7.39752	2.62745
7.4006	2.68627
7.40367	2.84314
7.40674	2.98039
7.40981	2.96078
7.41288	2.98039
7.41595	2.88235
7.41902	2.86275
7.42209	3.03922
7.42516	3.21569
7.42823	3.35294
7.4313	3.29412
7.43437	3.05882
7.43745	2.64706
7.44052	2.29412
7.44359	2.07843
7.44666	1.78431
7.44973	1.60784
7.4528	1.31373
7.45587	0.901961
7.45894	0.666667
7.46201	0.784314
7.46508	1.23529
7.46815	1.80392
7.47122	2.29412
7.4743	2.52941
7.47737	2.68627
7.48044	2.82353
7.48351	2.80392
7.48658	2.82353
7.48965	2.78431
7.49272	2.70588
7.49579	2.56863
7.49887	2.43137
7.50195	2.37255
7.50504	2.4902
7.50812	2.35294
7.5112	2.17647
7.51428	1.88235
7.51736	1.52941
7.52044	1.47059
7.52352	1.5098
7.5266	1.70588
7.52969	2.21569
7.53277	2.17647
7.53585	1.68627
7.53893	1.23529
7.54201	1.29412
7.54509	1.39216
7.54817	1.47059
7.55126	1.92157
7.55434	2.11765
7.55742	2.11765
7.5605	2.2549
7.56358	2.39216
7.56666	2.62745
7.56974	2.84314
7.57282	2.96078
7.57591	3.01961
7.57899	3.09804
7.58207	3.11765
7.58515	3.15686
7.58823	3.27451
7.59131	3.37255
7.59439	3.5098
7.59748	3.5098
7.60056	3.31373
7.60364	2.96078
7.60672	2.80392
7.6098	2.62745
7.61288	2.56863
7.61596	2.43137
7.61904	2.47059
7.62213	2.31373
7.62521	2.19608
7.62829	2.27451
7.63137	2.39216
7.63445	2.31373
7.63753	2.33333
7.64061	2.2549
7.64369	2.35294
7.64678	2.47059
7.64986	2.62745
7.65294	2.37255
7.65602	2.35294
7.6591	2.37255
7.66218	2.5098
7.66526	2.72549
7.66835	2.92157
7.67143	2.64706
7.67451	2.39216
7.67759	2.39216
7.68067	2.2549
7.68375	2.15686
7.68683	2.11765
7.68991	2.13725
7.693	2.11765
7.69608	2.13725
7.69916	1.96078
7.70224	1.96078
7.70532	1.98039
7.7084	1.98039
7.71148	1.94118
7.71457	1.86275
7.71765	1.84314
7.72073	1.68627
7.72381	1.66667
7.72689	1.92157
7.72997	2.07843
7.73305	1.96078
7.73613	1.72549
7.73922	1.37255
7.7423	1.37255
7.74538	1.52941
7.74846	1.64706
7.75154	1.68627
7.75462	1.54902
7.7577	1.39216
7.76079	1.29412
7.76387	1.35294
7.76695	1.37255
7.77003	1.43137
7.77311	1.45098
7.77619	1.52941
7.77927	1.56863
7.78235	1.66667
7.78544	1.64706
7.78852	1.68627
7.7916	1.7451
7.79468	1.82353
7.79776	1.78431
7.80084	1.68627
7.80392	1.66667
7.807	1.47059
7.81011	1.33333
7.81321	1.27451
7.81631	1.27451
7.81941	1.23529
7.82251	1.09804
7.82561	0.764706
7.82871	0.764706
7.83182	0.745098
7.83492	0.941176
7.83802	1.07843
7.84112	1.15686
7.84422	1.13725
7.84732	1.17647
7.85042	1.31373
7.85353	1.37255
7.85663	1.33333
7.85973	1.33333
7.86283	1.45098
7.86593	1.54902
7.86903	1.45098
7.87213	1.31373
7.87523	1.31373
7.87834	1.33333
7.88144	1.41176
7.88454	1.47059
7.88764	1.43137
7.89074	1.41176
7.89384	1.47059
7.89694	1.60784
7.90005	1.68627
7.90315	1.68627
7.90625	1.66667
7.90935	1.58824
7.91245	1.52941
7.91555	1.60784
7.91865	1.84314
7.92175	1.98039
7.92486	1.98039
7.92796	2
7.93106	1.96078
7.93416	2.07843
7.93726	2.17647
7.94036	2.11765
7.94346	2.13725
7.94657	2.19608
7.94967	2.21569
7.95277	2.17647
7.95587	2.29412
7.95897	2.41176
7.96207	2.39216
7.96517	2.2549
7.96828	2.15686
7.97138	2.13725
7.97448	2.21569
7.97758	2.19608
7.98068	2.27451
7.98378	2.35294
7.98688	2.43137
7.98998	2.47059
7.99309	2.27451
7.99619	2.27451
7.99929	2.19608
8.00239	2.13725
8.00549	2.33333
8.00859	2.66667
8.01169	2.72549
8.0148	2.4902
8.0179	2.29412
8.021	2.17647
8.0241	2.07843
8.0272	1.92157
8.0303	1.94118
8.0334	2
8.0365	2.13725
8.03961	2.35294
8.04271	2.68627
8.04581	2.70588
8.04891	2.11765
8.05201	1.98039
8.05511	2.01961
8.05821	2.15686
8.06132	2.29412
8.06442	2.43137
8.06752	2.4902
8.07062	2.4902
8.07372	2.60784
8.07682	2.56863
8.07992	2.29412
8.08302	2.41176
8.08613	2.4902
8.08923	2.5098
8.09233	2.45098
8.09543	2.41176
8.09853	2.64706
8.10163	3.03922
8.10473	3.13725
8.10784	2.70588
8.11094	2.43137
8.11404	2.43137
8.11714	2.5098
8.12024	2.60784
8.12331	2.86275
8.12639	3.15686
8.12946	2.7451
8.13253	2.72549
8.1356	2.86275
8.13868	3.05882
8.14175	2.96078
8.14482	2.84314
8.1479	2.84314
8.15097	2.86275
8.15404	2.92157
8.15711	3.01961
8.16019	2.82353
8.16326	2.62745
8.16633	2.47059
8.1694	2.45098
8.17248	2.60784
8.17555	2.78431
8.17862	2.78431
8.1817	2.72549
8.18477	2.88235
8.18784	2.94118
8.19091	3.07843
8.19399	3.33333
8.19706	3.35294
8.20013	3.2549
8.20321	3.31373
8.20628	3.2549
8.20935	3.35294
8.21242	3.66667
8.2155	3.29412
8.21857	3.23529
8.22164	3.27451
8.22471	3.15686
8.22779	3.03922
8.23086	3.09804
8.23393	3.21569
8.23701	3.23529
8.24008	3.09804
8.24315	3.05882
8.24622	3.17647
8.2493	3.45098
8.25237	3.64706
8.25544	3.68627
8.25851	4
8.26159	3.64706
8.26466	3.39216
8.26773	3.39216
8.27081	3.37255
8.27388	3.52941
8.27695	3.54902
8.28002	3.31373
8.2831	3.07843
8.28617	3.05882
8.28924	3.13725
8.29231	3.07843
8.29539	3.09804
8.29846	3.13725
8.30153	2.64706
8.30461	2.82353
8.30768	2.88235
8.31075	2.70588
8.31382	2.7451
8.3169	2.58824
8.31997	2.45098
8.32304	2.41176
8.32611	2.52941
8.32919	2.60784
8.33226	2.72549
8.33533	2.66667
8.33841	2.47059
8.34148	2.39216
8.34455	2.90196
8.34762	2.98039
8.3507	2.92157
8.35377	2.76471
8.35684	2.62745
8.35991	2.23529
8.36299	2.41176
8.36606	2.68627
8.36913	2.84314
8.37221	3.27451
8.37528	3.4902
8.37835	3.58824
8.38142	3.78431
8.3845	3.60784
8.38757	3.27451
8.39064	3.41176
8.39371	3.4902
8.39679	3.45098
8.39986	3.31373
8.40293	3.27451
8.40601	3.47059
8.40908	3.60784
8.41215	3.56863
8.41522	3.45098
8.4183	3.2549
8.42137	3.2549
8.42444	3.39216
8.42752	3.58824
8.43059	3.76471
8.43366	3.90196
8.43676	3.86275
8.43987	3.90196
8.44297	3.84314
8.44607	4.01961
8.44917	4.03922
8.45227	4.05882
8.45538	4.11765
8.45848	3.88235
8.46158	3.70588
8.46468	3.78431
8.46779	3.82353
8.47089	3.62745
8.47399	3.23529
8.47709	2.82353
8.4802	2.76471
8.4833	2.92157
8.4864	2.84314
8.4895	2.90196
8.4926	2.86275
8.49571	2.92157
8.49881	2.82353
8.50191	2.70588
8.50501	2.86275
8.50812	3
8.51122	3.27451
8.51432	3.56863
8.51742	3.62745
8.52052	3.15686
8.52363	2.70588
8.52673	2.82353
8.52983	3.01961
8.53293	3.2549
8.53604	3.47059
8.53914	3.41176
8.54224	3.15686
8.54534	3.41176
8.54845	3.33333
8.55155	3.39216
8.55465	2.94118
8.55775	2.90196
8.56085	3.29412
8.56396	3.33333
8.56706	3
8.57016	2.68627
8.57326	2.47059
8.57637	2.29412
8.57947	2.19608
8.58257	2.07843
8.58567	2.11765
8.58878	2.15686
8.59188	2.09804
8.59498	2.03922
8.59808	1.98039
8.60118	2.13725
8.60429	1.7451
8.60739	1.98039
8.61049	2.23529
8.61359	2.45098
8.6167	2.54902
8.6198	2.64706
8.6229	2.86275
8.626	3
8.62911	3.01961
8.63221	3.2549
8.63531	3.07843
8.63841	2.86275
8.64151	2.94118
8.64462	2.86275
8.64772	2.60784
8.65082	2.4902
8.65392	2.52941
8.65703	2.2549
8.66013	1.70588
8.66323	1.80392
8.66633	1.84314
8.66944	1.70588
8.67254	1.62745
8.67564	1.60784
8.67874	1.70588
8.68184	1.68627
8.68495	1.94118
8.68805	2.09804
8.69115	1.90196
8.69425	2.13725
8.69736	2.45098
8.70046	2.41176
8.70356	2.58824
8.70666	2.94118
8.70977	2.68627
8.71287	2.5098
8.71597	2.43137
8.71907	2.15686
8.72217	1.98039
8.72528	1.86275
8.72838	1.82353
8.73148	1.86275
8.73458	1.92157
8.73769	2.17647
8.74079	2.29412
8.74389	2.17647
8.74699	1.82353
8.75011	1.70588
8.75322	1.78431
8.75633	1.82353
8.75944	1.84314
8.76256	2.09804
8.76567	2.11765
8.76878	2.01961
8.7719	1.92157
8.77501	1.98039
8.77812	2.66667
8.78123	2.35294
8.78435	2.07843
8.78746	2.35294
8.79057	2.62745
8.79368	2.33333
8.7968	2.21569
8.79991	1.86275
8.80302	1.86275
8.80614	1.94118
8.80925	1.88235
8.81236	1.76471
8.81547	1.86275
8.81859	2
8.8217	2.05882
8.82481	2.03922
8.82793	2.03922
8.83104	2.01961
8.83415	2.13725
8.83726	2.31373
8.84038	2.21569
8.84349	2
8.8466	1.96078
8.84972	2.09804
8.85283	2.23529
8.85594	2.47059
8.85905	2.78431
8.86217	2.56863
8.86528	2.2549
8.86839	2.33333
8.8715	2.72549
8.87462	3.11765
8.87773	2.45098
8.88084	2.27451
8.88396	2.27451
8.88707	2.31373
8.89018	2.2549
8.89329	2.2549
8.89641	2.27451
8.89952	2.31373
8.90263	2.2549
8.90575	2.17647
8.90886	2.11765
8.91197	2.15686
8.91508	2.23529
8.9182	2.29412
8.92131	2.43137
8.92442	2.54902
8.92754	2.41176
8.93065	2.35294
8.93376	2.39216
8.93687	2.27451
8.93999	2.17647
8.9431	2.35294
8.94621	2.5098
8.94932	2.68627
8.95244	2.86275
8.95555	2.7451
8.95866	2.4902
8.96178	2.58824
8.96489	2.58824
8.968	2.64706
8.97111	2.68627
8.97423	2.68627
8.97734	2.84314
8.98045	3.01961
8.98357	2.80392
8.98668	2.7451
8.98979	2.64706
8.9929	2.52941
8.99602	2.5098
8.99913	2.54902
9.00224	2.64706
9.00535	2.60784
9.00847	2.52941
9.01158	2.29412
9.01469	2.19608
9.01781	2.2549
9.02092	2.33333
9.02403	2.33333
9.02714	2.05882
9.03026	2.05882
9.03337	2.07843
9.03648	2.2549
9.0396	2.56863
9.04271	2.68627
9.04582	2.72549
9.04893	2.70588
9.05205	2.68627
9.05516	2.78431
9.05827	2.80392
9.06139	2.80392
9.0645	2.98039
9.06756	3.19608
9.07062	3.35294
9.07369	3.17647
9.07675	2.88235
9.07981	2.56863
9.08288	2.45098
9.08594	2.11765
9.089	2.05882
9.09207	2.17647
9.09513	2.11765
9.09819	2
9.10126	2.01961
9.10432	1.92157
9.10738	1.7451
9.11045	1.84314
9.11351	2.07843
9.11657	2.41176
9.11964	2.80392
9.1227	2.98039
9.12576	3.05882
9.12883	3.05882
9.13189	3.41176
9.13495	3.78431
9.13801	4.13725
9.14108	4.66667
9.14414	4.98039
9.1472	5
9.15027	5
9.15333	4.98039
9.15639	4.98039
9.15946	4.54902
9.16252	3.76471
9.16558	3.01961
9.16865	2.2549
9.17171	1.66667
9.17477	1.47059
9.17784	1.4902
9.1809	1.31373
9.18396	1.21569
9.18703	1.23529
9.19009	1.37255
9.19315	1.4902
9.19622	1.80392
9.19928	2.23529
9.20234	2.58824
9.20541	2.72549
9.20847	2.78431
9.21153	2.70588
9.21459	2.5098
9.21766	2.60784
9.22072	2.60784
9.22378	2.45098
9.22685	2.4902
9.22991	2.5098
9.23297	2.41176
9.23604	2.17647
9.2391	1.96078
9.24216	1.70588
9.24523	1.39216
9.24829	1.15686
9.25135	1.01961
9.25442	1
9.25748	1.01961
9.26054	0.941176
9.26361	0.803922
9.26667	0.823529
9.26973	1.21569
9.2728	1.41176
9.27586	1.7451
9.27892	2.07843
9.28199	2.17647
9.28505	2.01961
9.28811	2.01961
9.29117	2.29412
9.29424	2.4902
9.2973	2.2549
9.30036	2.19608
9.30343	2.31373
9.30649	2.33333
9.30955	2.2549
9.31262	2.07843
9.31568	1.94118
9.31874	1.82353
9.32181	1.64706
9.32487	1.4902
9.32793	1.4902
9.331	1.4902
9.33406	1.39216
9.33712	1.27451
9.34019	1.37255
9.34325	1.4902
9.34631	1.39216
9.34938	1.5098
9.35244	1.84314
9.3555	2.15686
9.35857	2.35294
9.36163	2.4902
9.36469	2.54902
9.36775	2.64706
9.37082	2.7451
9.37388	2.7451
9.37697	2.68627
9.38007	2.80392
9.38316	2.98039
9.38625	3.05882
9.38935	2.96078
9.39244	2.90196
9.39553	2.92157
9.39862	2.94118
9.40172	3
9.40481	3.05882
9.4079	3.09804
9.41099	3.07843
9.41409	2.84314
9.41718	2.11765
9.42027	1.35294
9.42337	0.843137
9.42646	0.72549
9.42955	0.843137
9.43264	1.21569
9.43574	1.62745
9.43883	2.05882
9.44192	2.2549
9.44501	2.37255
9.44811	2.62745
9.4512	2.47059
9.45429	2.47059
9.45739	2.5098
9.46048	2.5098
9.46357	2.62745
9.46666	2.68627
9.46976	2.66667
9.47285	2.66667
9.47594	2.56863
9.47904	2.23529
9.48213	2.13725
9.48522	2.03922
9.48831	1.80392
9.49141	1.68627
9.4945	1.54902
9.49759	1.60784
9.50068	1.7451
9.50378	1.80392
9.50687	1.84314
9.50996	1.92157
9.51306	1.86275
9.51615	1.7451
9.51924	1.98039
9.52233	2.03922
9.52543	2.23529
9.52852	2.58824
9.53161	2.78431
9.53471	2.41176
9.5378	2.37255
9.54089	2.39216
9.54398	2.41176
9.54708	2.35294
9.55017	2.01961
9.55326	1.72549
9.55635	1.33333
9.55945	0.333333
9.56254	0.0784314
9.56563	0
9.56873	0.0392157
9.57182	0.0588235
9.57491	0.0784314
9.578	0.235294
9.5811	0.411765
9.58419	0.627451
9.58728	0.627451
9.59037	0.490196
9.59347	0.588235
9.59656	0.843137
9.59965	1.07843
9.60275	1.05882
9.60584	1.19608
9.60893	1.33333
9.61202	1.5098
9.61512	1.66667
9.61821	1.86275
9.6213	2.09804
9.6244	2.15686
9.62749	2.15686
9.63058	2.19608
9.63367	2.17647
9.63677	2.37255
9.63986	2.62745
9.64295	2.58824
9.64604	2.47059
9.64914	2.54902
9.65223	2.5098
9.65532	2.23529
9.65842	2
9.66151	1.78431
9.6646	1.5098
9.66769	1.41176
9.67079	1.37255
9.67388	1.52941
9.67697	1.54902
9.68007	1.4902
9.68316	1.37255
9.68625	1.21569
9.68936	1.11765
9.69246	1.27451
9.69557	1.35294
9.69868	1.2549
9.70179	1.27451
9.70489	1.35294
9.708	1.56863
9.71111	1.86275
9.71421	2.07843
9.71732	2.39216
9.72043	2.54902
9.72354	2.70588
9.72664	2.80392
9.72975	2.88235
9.73286	3.01961
9.73596	3.03922
9.73907	2.98039
9.74218	2.90196
9.74529	2.82353
9.74839	2.84314
9.7515	2.86275
9.75461	2.96078
9.75771	3.09804
9.76082	3.19608
9.76393	2.98039
9.76703	2.68627
9.77014	2.80392
9.77325	2.90196
9.77636	2.98039
9.77946	3.17647
9.78257	3.39216
9.78568	3.64706
9.78878	3.78431
9.79189	3.88235
9.795	3.94118
9.79811	3.82353
9.80121	3.5098
9.80432	3.31373
9.80743	3.41176
9.81053	4.13725
9.81364	4.86275
9.81675	5
9.81985	4.98039
9.82296	4.98039
9.82607	4.96078
9.82918	4.70588
9.83228	4.43137
9.83539	4.15686
9.8385	4
9.8416	4.19608
9.84471	4.39216
9.84782	4.27451
9.85093	4.2549
9.85403	4.5098
9.85714	4.98039
9.86025	5
9.86335	5
9.86646	5
9.86957	5
9.87267	5
9.87578	4.64706
9.87889	3.58824
9.882	2.66667
9.8851	2.4902
9.88821	2.33333
9.89132	2.09804
9.89442	1.5098
9.89753	1.07843
9.90064	0.607843
9.90375	0.254902
9.90685	0.196078
9.90996	0.294118
9.91307	0.490196
9.91617	0.666667
9.91928	0.784314
9.92239	0.666667
9.9255	0.470588
9.9286	0.294118
9.93171	0.196078
9.93482	0.235294
9.93792	0.27451
9.94103	0.196078
9.94414	0.156863
9.94724	0.333333
9.95035	0.0588235
9.95346	0
9.95657	0.0784314
9.95967	0.0392157
9.96278	0.0588235
9.96589	0.137255
9.96899	0.254902
9.9721	0.431373
9.97521	0.54902
9.97832	0.686275
9.98142	0.764706
9.98453	0.803922
9.98764	0.745098
9.99074	0.843137
9.99385	0.941176
9.99696	1.01961
10.0001	1.05882
10.0032	1.09804
10.0063	1.29412
10.0093	1.29412
10.0124	1.21569
10.0155	1.03922
10.0186	1.03922
10.0217	1.03922
10.0247	1.11765
10.0278	1.23529
10.0309	1.33333
10.034	1.52941
10.0371	1.58824
10.0401	1.66667
10.0432	1.64706
10.0463	1.52941
10.0494	1.43137
10.0525	1.52941
10.0555	1.7451
10.0586	1.88235
10.0617	1.98039
10.0648	1.94118
10.0679	2.09804
10.0709	1.86275
10.074	1.70588
10.0771	1.60784
10.0802	1.64706
10.0833	1.68627
10.0863	1.76471
10.0894	1.86275
10.0925	2.01961
10.0956	1.96078
10.0987	1.68627
10.1017	1.47059
10.1048	1.33333
10.1079	1.31373
10.111	1.21569
10.1141	1.11765
10.1171	1
10.1202	0.843137
10.1233	0.490196
10.1264	0.490196
10.1295	0.411765
10.1325	0.54902
10.1356	0.764706
10.1387	1.07843
10.1418	1.23529
10.1449	1.33333
10.1479	1.37255
10.151	1.23529
10.1541	1.05882
10.1572	0.941176
10.1603	0.764706
10.1634	0.588235
10.1664	0
10.1695	0
10.1726	0
10.1757	0
10.1788	0
10.1818	0
10.1849	0
10.188	0
10.1911	0
10.1942	0
10.1972	0.0392157
10.2003	0.137255
10.2034	0.235294
10.2065	0.45098
10.2096	0.745098
10.2126	1.09804
10.2157	1.47059
10.2188	1.76471
10.2219	1.88235
10.225	2.11765
10.228	2.27451
10.2311	2.39216
10.2342	2.68627
10.2373	2.90196
10.2404	3.11765
10.2434	3.21569
10.2465	3.21569
10.2496	3.31373
10.2527	3.31373
10.2558	3.31373
10.2588	3.4902
10.2619	3.68627
10.265	3.72549
10.2681	3.60784
10.2712	3.62745
10.2742	3.62745
10.2773	3.68627
10.2804	3.72549
10.2835	3.64706
10.2866	3.62745
10.2896	3.64706
10.2927	3.66667
10.2958	3.60784
10.2989	3.54902
10.302	3.5098
10.305	3.52941
10.3081	3.27451
10.3112	2.80392
10.3143	2.84314
10.3174	3
10.3204	3.2549
10.3235	3.52941
10.3266	3.82353
10.3297	3.90196
10.3328	3.86275
10.3359	4.11765
10.3389	4.33333
10.342	4.29412
10.3451	4.23529
10.3482	4.35294
10.3513	4.4902
10.3543	4.68627
10.3574	4.84314
10.3605	4.98039
10.3636	4.94118
10.3667	4.68627
10.3697	4.52941
10.3728	4.41176
10.3759	4.23529
10.379	4.05882
10.3821	3.86275
10.3851	3.78431
10.3882	3.86275
10.3913	3.92157
10.3944	3.52941
10.3975	3.37255
10.4005	3.31373
10.4036	3.39216
10.4067	3.52941
10.4098	3.56863
10.4129	3.7451
10.4159	3.78431
10.419	3.4902
10.4221	3.43137
10.4252	3.4902
10.4283	3.72549
10.4313	3.82353
10.4344	3.88235
10.4375	3.88235
10.4406	3.96078
10.4437	3.96078
10.4467	4.01961
10.4498	4.07843
10.4529	4.23529
10.456	4.13725
10.4591	4.01961
10.4621	3.94118
10.4652	4.07843
10.4683	4.27451
10.4714	3.94118
10.4745	3.64706
10.4775	3.39216
10.4806	3.41176
10.4837	3.56863
10.4868	3.98039
10.4899	4.07843
10.493	3.78431
10.496	3.47059
10.4991	3.39216
10.5022	3.41176
10.5053	3.52941
10.5084	3.45098
10.5114	3.39216
10.5145	3.29412
10.5176	3.17647
10.5207	3.35294
10.5238	3.62745
10.5268	3.41176
10.5299	3.33333
10.533	3.31373
10.5361	3.23529
10.5392	3.11765
10.5422	3.15686
10.5453	3.05882
10.5484	3.09804
10.5515	3.07843
10.5546	3.05882
10.5576	3.21569
10.5607	3.31373
10.5638	3.07843
10.5669	3.05882
10.57	3.17647
10.573	3.27451
10.5761	3.29412
10.5792	3.47059
10.5823	3.43137
10.5854	3.11765
10.5884	3
10.5915	2.90196
10.5946	2.66667
10.5977	2.58824
10.6008	2.78431
10.6038	2.92157
10.6069	3.2549
10.61	3.37255
10.6131	3.01961
10.6162	2.35294
10.6192	1.98039
10.6223	2.21569
10.6254	2.60784
10.6285	2.82353
10.6316	2.86275
10.6347	2.90196
10.6378	3.07843
10.6409	3.23529
10.644	3.47059
10.6471	3.56863
10.6502	3.52941
10.6533	3.39216
10.6564	3.47059
10.6595	3.58824
10.6626	3.76471
10.6657	3.96078
10.6688	3.64706
10.6719	3.03922
10.675	2.98039
10.6781	3.11765
10.6812	3.23529
10.6843	3.56863
10.6874	3.66667
10.6905	3.31373
10.6936	2.60784
10.6967	2.43137
10.6998	2.52941
10.7029	2.68627
10.706	2.84314
10.7091	3.09804
10.7122	3.39216
10.7153	3.66667
10.7184	3.7451
10.7215	3.82353
10.7246	4
10.7278	3.92157
10.7309	3.72549
10.734	3.54902
10.7371	3.37255
10.7402	3.5098
10.7433	3.82353
10.7464	4.13725
10.7495	4.17647
10.7526	4.03922
10.7557	3.90196
10.7588	3.78431
10.7619	3.64706
10.765	3.31373
10.7681	2.98039
10.7712	2.78431
10.7743	2.7451
10.7774	2.78431
10.7805	2.84314
10.7836	2.86275
10.7867	2.84314
10.7898	2.84314
10.7929	2.92157
10.796	3.07843
10.7991	3.33333
10.8022	3.5098
10.8053	3.70588
10.8084	3.7451
10.8115	3.4902
10.8146	3.03922
10.8177	3
10.8208	2.92157
10.8239	2.88235
10.827	2.82353
10.8301	2.76471
10.8332	2.62745
10.8363	2.47059
10.8394	2.58824
10.8425	2.60784
10.8456	2.58824
10.8487	2.5098
10.8518	2.35294
10.8549	2.15686
10.858	2.2549
10.8611	2.56863
10.8642	2.56863
10.8673	2.64706
10.8704	2.58824
10.8735	2.58824
10.8766	2.43137
10.8797	2.45098
10.8828	2.62745
10.8859	2.88235
10.889	2.84314
10.8921	2.7451
10.8952	2.84314
10.8983	2.98039
10.9014	3.17647
10.9045	2.5098
10.9076	2.4902
10.9107	2.60784
10.9138	2.66667
10.9169	2.7451
10.92	2.66667
10.9231	2.54902
10.9262	2.52941
10.9293	2.4902
10.9324	2.56863
10.9355	2.76471
10.9386	2.84314
10.9417	2.92157
10.9448	2.86275
10.9479	2.76471
10.9509	2.68627
10.954	2.66667
10.9571	2.70588
10.9601	2.62745
10.9632	2.7451
10.9663	2.92157
10.9694	2.66667
10.9724	2.70588
10.9755	2.90196
10.9786	2.84314
10.9816	2.66667
10.9847	2.70588
10.9878	2.58824
10.9908	2.41176
10.9939	2.47059
10.997	2.54902
11.0001	2.41176
11.0031	2.11765
11.0062	2.05882
11.0093	2.11765
11.0123	2.19608
11.0154	2.45098
11.0185	2.78431
11.0216	2.76471
11.0246	2.39216
11.0277	2.13725
11.0308	2.11765
11.0338	2.39216
11.0369	2.37255
11.04	2.39216
11.0431	2.41176
11.0461	2.5098
11.0492	2.52941
11.0523	2.5098
11.0553	2.45098
11.0584	2.19608
11.0615	2.11765
11.0645	2.09804
11.0676	2.11765
11.0707	2.15686
11.0738	2.21569
11.0768	2.45098
11.0799	2.52941
11.083	2.35294
11.086	2.39216
11.0891	2.41176
11.0922	2.29412
11.0953	2.21569
11.0983	2.41176
11.1014	2.58824
11.1045	2.76471
11.1075	2.98039
11.1106	3.01961
11.1137	2.80392
11.1168	2.68627
11.1198	2.4902
11.1229	2.54902
11.126	2.70588
11.129	2.86275
11.1321	2.82353
11.1352	2.64706
11.1382	2.64706
11.1413	2.66667
11.1444	2.68627
11.1475	2.70588
11.1505	2.70588
11.1536	2.66667
11.1567	2.80392
11.1597	2.80392
11.1628	2.80392
11.1659	2.80392
11.169	2.78431
11.172	2.78431
11.1751	2.86275
11.1782	2.82353
11.1812	2.78431
11.1843	2.98039
11.1874	3.23529
11.1905	3.39216
11.1935	3
11.1966	2.70588
11.1997	2.68627
11.2027	2.80392
11.2058	3
11.2089	3
11.2119	3.09804
11.215	3.01961
11.2181	3.03922
11.2212	3.05882
11.2242	3.11765
11.2273	3.19608
11.2304	3.21569
11.2334	3.13725
11.2365	3.05882
11.2396	2.78431
11.2427	2.56863
11.2457	2.54902
11.2488	2.52941
11.2519	2.64706
11.255	2.70588
11.2581	2.72549
11.2612	2.68627
11.2643	2.68627
11.2674	2.76471
11.2705	2.70588
11.2736	2.76471
11.2767	2.98039
11.2798	3.31373
11.2829	2.88235
11.286	2.66667
11.2891	2.80392
11.2921	3.13725
11.2952	3.33333
11.2983	3.15686
11.3014	2.96078
11.3045	3.09804
11.3076	3.19608
11.3107	3.27451
11.3138	3.17647
11.3169	3.15686
11.32	3.05882
11.3231	2.98039
11.3262	2.86275
11.3293	2.80392
11.3324	2.7451
11.3355	2.56863
11.3386	2.52941
11.3417	2.4902
11.3448	2.39216
11.3479	2.27451
11.351	2.19608
11.3541	2.19608
11.3572	2.27451
11.3603	2.39216
11.3634	2.47059
11.3665	2.58824
11.3696	2.82353
11.3727	3.05882
11.3758	2.72549
11.3789	2.76471
11.3819	2.90196
11.385	2.98039
11.3881	3.07843
11.3912	3.15686
11.3943	3.31373
11.3974	3.33333
11.4005	3.19608
11.4036	2.94118
11.4067	2.64706
11.4098	2.58824
11.4129	2.54902
11.416	2.33333
11.4191	2.19608
11.4222	2.2549
11.4253	2.39216
11.4284	2.43137
11.4315	2.41176
11.4346	2.58824
11.4377	2.66667
11.4408	2.64706
11.4439	2.68627
11.447	2.82353
11.4501	3.03922
11.4532	3.21569
11.4563	3.4902
11.4594	3.62745
11.4625	3.66667
11.4656	4.84314
11.4687	5
11.4718	5
11.4748	5
11.4779	5
11.481	4.98039
11.4841	4.98039
11.4872	4.82353
11.4903	4.13725
11.4934	3.62745
11.4965	3.2549
11.4996	3.01961
11.5027	2.84314
11.5058	2.80392
11.5089	2.5098
11.512	2.23529
11.5151	1.94118
11.5182	1.64706
11.5213	1.54902
11.5244	1.52941
11.5275	1.52941
11.5306	1.70588
11.5337	1.82353
11.5368	1.78431
11.5399	1.76471
11.543	1.82353
11.5461	2.03922
11.5492	2.31373
11.5523	2.96078
11.5554	3.01961
11.5585	2.68627
11.5616	2.52941
11.5647	2.37255
11.5678	2.29412
11.5709	2.13725
11.574	1.80392
11.5771	1.43137
11.5802	1.13725
11.5833	1.01961
11.5864	1.13725
11.5895	1.27451
11.5926	1.11765
11.5957	0.666667
11.5989	0.882353
11.602	1.13725
11.6051	1.41176
11.6082	1.70588
11.6113	2.23529
11.6144	2.13725
11.6175	2.09804
11.6206	2.05882
11.6237	2.19608
11.6268	2.52941
11.6299	2.82353
11.6331	2.98039
11.6362	2.84314
11.6393	2.62745
11.6424	2.62745
11.6455	2.66667
11.6486	2.5098
11.6517	2.21569
11.6548	2.17647
11.6579	2.29412
11.661	2.41176
11.6641	2.4902
11.6673	2.58824
11.6704	2.66667
11.6735	2.4902
11.6766	2.29412
11.6797	2.15686
11.6828	1.94118
11.6859	1.66667
11.689	1.45098
11.6921	1.52941
11.6952	1.56863
11.6983	1.54902
11.7015	1.60784
11.7046	1.68627
11.7077	2.07843
11.7108	2.54902
11.7139	2.76471
11.717	2.82353
11.7201	2.66667
11.7232	2.78431
11.7263	2.19608
11.7294	2.05882
11.7325	1.94118
11.7357	1.80392
11.7388	1.43137
11.7419	0.803922
11.745	0.156863
11.7481	0
11.7512	0
11.7543	0.0196078
11.7574	0.0588235
11.7605	0.294118
11.7636	0.588235
11.7667	0.862745
11.7699	1.07843
11.773	1.35294
11.7761	1.60784
11.7792	1.86275
11.7823	2.11765
11.7854	2.39216
11.7885	2.62745
11.7916	2.64706
11.7947	2.70588
11.7978	2.88235
11.8009	2.98039
11.8041	3.05882
11.8072	3.15686
11.8103	3.31373
11.8134	3.54902
11.8165	3.35294
11.8196	3.23529
11.8227	2.94118
11.8258	2.64706
11.8289	2.43137
11.832	2.21569
11.8351	2.05882
11.8383	1.88235
11.8414	1.72549
11.8445	1.70588
11.8476	1.80392
11.8507	1.90196
11.8538	2.05882
11.8569	2.17647
11.86	1.94118
11.8631	1.82353
11.8662	2.09804
11.8693	2.4902
11.8724	2.84314
11.8756	3.11765
11.8787	3.41176
11.8817	3.70588
11.8848	3.78431
11.8879	3.98039
11.891	4.2549
11.8941	4.62745
11.8972	4.98039
11.9002	5
11.9033	4.98039
11.9064	4.92157
11.9095	4.09804
11.9126	3.41176
11.9156	2.41176
11.9187	0.54902
11.9218	0
11.9249	0
11.928	0
11.931	0.294118
11.9341	0.45098
11.9372	0.921569
11.9403	1.80392
11.9434	3.7451
11.9465	4.92157
11.9495	5
11.9526	4.98039
11.9557	4.98039
11.9588	4.96078
11.9619	4.52941
11.9649	4.29412
11.968	4.23529
11.9711	4.05882
11.9742	3.82353
11.9773	3.29412
11.9804	2.80392
11.9834	2.54902
11.9865	2.05882
11.9896	1.88235
11.9927	2.13725
11.9958	2.27451
11.9988	2.98039
12.0019	2.80392
12.005	2.03922
12.0081	1.54902
12.0112	1.62745
12.0142	2
12.0173	2.90196
12.0204	3.98039
12.0235	3.58824
12.0266	2.7451
12.0297	2.17647
12.0327	2.31373
12.0358	2.5098
12.0389	2.43137
12.042	2.33333
12.0451	2.47059
12.0481	2.47059
12.0512	2.33333
12.0543	2.17647
12.0574	2.23529
12.0605	2.39216
12.0635	3.45098
12.0666	3.92157
12.0697	2.43137
12.0728	1.2549
12.0759	0.921569
12.079	1.88235
12.082	2.47059
12.0851	2.4902
12.0882	2.41176
12.0913	1.70588
12.0944	1.05882
12.0974	0.980392
12.1005	1.54902
12.1036	1.92157
12.1067	2.17647
12.1098	2.27451
12.1128	2.05882
12.1159	1.84314
12.119	1.84314
12.1221	1.64706
12.1252	1.94118
12.1283	3.17647
12.1313	3.37255
12.1344	3.17647
12.1375	2.03922
12.1406	1.76471
12.1437	2.60784
12.1467	3.17647
12.1498	2.29412
12.1529	1.4902
12.156	1
12.1591	1.88235
12.1621	2.05882
12.1652	1.98039
12.1683	2.43137
12.1714	2.45098
12.1745	2.56863
12.1776	3.5098
12.1806	3.92157
12.1837	3.21569
12.1868	1.72549
12.1899	1.62745
12.193	1.58824
12.196	1.43137
12.1991	1.15686
12.2022	1.21569
12.2053	1.56863
12.2084	2.94118
12.2114	3.15686
12.2145	2.35294
12.2176	1.78431
12.2207	2.19608
12.2238	2.47059
12.2269	2.54902
12.2299	2.5098
12.233	2.70588
12.2361	2.11765
12.2392	2.21569
12.2423	3.13725
12.2453	2.64706
12.2484	2.60784
12.2515	2.33333
12.2546	2.35294
12.2577	2.39216
12.2608	2.41176
12.2638	2.2549
12.2669	3.58824
12.27	3.47059
12.2731	2.05882
12.2762	1.13725
12.2792	0.823529
12.2823	0.941176
12.2854	1.35294
12.2885	1.84314
12.2916	1.82353
12.2946	1.92157
12.2977	2.35294
12.3008	3.70588
12.3039	3.41176
12.307	2.5098
12.3101	1.94118
12.3131	1.94118
12.3162	1.96078
12.3193	2.01961
12.3224	2.07843
12.3255	2.21569
12.3285	2.66667
12.3316	2.5098
12.3347	1.58824
12.3378	1.35294
12.3409	1.5098
12.3439	1.7451
12.347	2
12.3501	2.13725
12.3532	2.29412
12.3563	2.47059
12.3594	2.80392
12.3624	3.21569
12.3655	3.33333
12.3686	3.21569
12.3717	2.70588
12.3748	2.33333
12.3778	2.37255
12.3809	2.5098
12.384	2.62745
12.3871	2.60784
12.3902	2.66667
12.3932	2.62745
12.3963	2.5098
12.3994	2.23529
12.4025	2.15686
12.4056	2.21569
12.4087	2.29412
12.4117	2.31373
12.4148	2.37255
12.4179	2.33333
12.421	2.58824
12.4241	2.86275
12.4271	2.68627
12.4302	2.45098
12.4333	2.23529
12.4364	2.37255
12.4395	2.62745
12.4425	2.5098
12.4456	2.54902
12.4487	2.64706
12.4518	2.54902
12.4549	2.60784
12.458	2.58824
12.461	2.37255
12.4641	1.96078
12.4672	1.78431
12.4703	1.52941
12.4734	1
12.4764	0.0588235
12.4795	0
12.4826	0
12.4857	0
12.4888	0
12.4918	0
12.4949	0
12.498	0
12.5011	0.0196078
12.5042	0.45098
12.5073	0.823529
12.5105	1.2549
12.5136	1.70588
12.5167	1.58824
12.5198	1.5098
12.523	1.64706
12.5261	1.92157
12.5292	2.05882
12.5323	2.21569
12.5354	2.54902
12.5386	2.70588
12.5417	2.72549
12.5448	2.54902
12.5479	2.35294
12.5511	2.35294
12.5542	2.37255
12.5573	2.37255
12.5604	2.39216
12.5635	2.43137
12.5667	2.5098
12.5698	2.54902
12.5729	2.4902
12.576	2.47059
12.5792	2.47059
12.5823	2.5098
12.5854	2.64706
12.5885	2.66667
12.5916	2.68627
12.5948	2.64706
12.5979	2.82353
12.601	2.78431
12.6041	2.70588
12.6073	2.58824
12.6104	2.47059
12.6135	2.37255
12.6166	2.78431
12.6197	2.88235
12.6229	2.86275
12.626	2.76471
12.6291	2.31373
12.6322	2.21569
12.6354	2.35294
12.6385	2.52941
12.6416	2.60784
12.6447	2.54902
12.6478	2.62745
12.651	2.64706
12.6541	2.78431
12.6572	2.92157
12.6603	2.96078
12.6635	2.90196
12.6666	2.90196
12.6697	3.05882
12.6728	3.03922
12.6759	3.07843
12.6791	3.23529
12.6822	3.29412
12.6853	3.2549
12.6884	3.21569
12.6916	3.03922
12.6947	2.86275
12.6978	2.7451
12.7009	2.72549
12.704	2.80392
12.7072	2.66667
12.7103	2.52941
12.7134	2.11765
12.7165	2.05882
12.7197	2.23529
12.7228	2.43137
12.7259	2.23529
12.729	2.05882
12.7321	2.03922
12.7353	2.07843
12.7384	2.17647
12.7415	2.2549
12.7446	2.23529
12.7478	2.13725
12.7509	2.03922
12.754	2.03922
12.7571	2.19608
12.7602	2.43137
12.7634	2.43137
12.7665	2.17647
12.7696	2.29412
12.7727	2.5098
12.7759	2.72549
12.779	2.60784
12.7821	2.5098
12.7852	2.52941
12.7883	2.52941
12.7915	2.62745
12.7946	2.7451
12.7977	2.82353
12.8008	2.76471
12.804	2.64706
12.8071	2.58824
12.8102	2.66667
12.8133	2.62745
12.8164	2.84314
12.8196	2.7451
12.8227	2.66667
12.8257	2.68627
12.8288	2.56863
12.8319	2.56863
12.835	2.84314
12.8381	3.01961
12.8412	3.09804
12.8443	3.27451
12.8474	3.13725
12.8504	3.01961
12.8535	3.27451
12.8566	3.29412
12.8597	3.09804
12.8628	2.94118
12.8659	2.94118
12.869	3
12.872	3.01961
12.8751	2.90196
12.8782	2.76471
12.8813	2.54902
12.8844	2.56863
12.8875	2.52941
12.8906	2.41176
12.8937	2.23529
12.8967	1.92157
12.8998	2.05882
12.9029	2.09804
12.906	2
12.9091	1.96078
12.9122	2.11765
12.9153	2.23529
12.9183	2.35294
12.9214	2.39216
12.9245	2.15686
12.9276	1.62745
12.9307	1.41176
12.9338	1.62745
12.9369	1.70588
12.9399	1.64706
12.943	1.72549
12.9461	2.05882
12.9492	2.37255
12.9523	2.33333
12.9554	2.4902
12.9585	2.5098
12.9615	2.47059
12.9646	2.4902
12.9677	2.5098
12.9708	2.54902
12.9739	2.47059
12.977	2.39216
12.9801	2.58824
12.9831	2.82353
12.9862	2.60784
12.9893	2.33333
12.9924	2.2549
12.9955	2.31373
12.9986	2.19608
13.0017	2.05882
13.0048	2.35294
13.0078	2.94118
13.0109	2.96078
13.014	2.72549
13.0171	2.35294
13.0202	2.39216
13.0233	2.52941
13.0264	2.41176
13.0294	2.19608
13.0325	2.03922
13.0356	1.96078
13.0387	2.05882
13.0418	2.33333
13.0449	2.58824
13.048	2.66667
13.051	2.68627
13.0541	2.54902
13.0572	2.60784
13.0603	2.76471
13.0634	2.96078
13.0665	2.98039
13.0696	3
13.0726	2.90196
13.0757	2.4902
13.0788	2.2549
13.0819	2.43137
13.085	2.19608
13.0881	1.82353
13.0912	1.94118
13.0942	2.2549
13.0973	2.17647
13.1004	2.11765
13.1035	2.54902
13.1066	3.09804
13.1097	3.33333
13.1128	3.11765
13.1159	2.82353
13.1189	2.43137
13.122	2.21569
13.1251	2.39216
13.1282	2.60784
13.1313	2.39216
13.1344	2.07843
13.1374	2.19608
13.1405	2.52941
13.1436	2.45098
13.1467	2.11765
13.1498	2.2549
13.1529	2.17647
13.156	2.37255
13.159	2.37255
13.1621	2.11765
13.1652	2.33333
13.1683	2.56863
13.1714	2.86275
13.1745	3.01961
13.1775	3.05882
13.1806	3.07843
13.1837	3.2549
13.1868	3.39216
13.1899	3.33333
13.193	3.43137
13.196	3.31373
13.1991	3.11765
13.2022	3.07843
13.2053	2.98039
13.2084	2.92157
13.2115	2.70588
13.2146	2.78431
13.2176	2.90196
13.2207	2.94118
13.2238	2.80392
13.2269	2.58824
13.23	2.52941
13.2331	2.7451
13.2361	2.96078
13.2392	2.98039
13.2423	3.09804
13.2454	3.15686
13.2485	3.19608
13.2516	3.17647
13.2546	3
13.2577	2.96078
13.2608	3.13725
13.2639	3
13.267	2.7451
13.2701	2.60784
13.2732	2.54902
13.2762	2.5098
13.2793	2.52941
13.2824	2.4902
13.2855	2.45098
13.2886	2.29412
13.2917	2.23529
13.2947	2.11765
13.2978	2.17647
13.3009	2.23529
13.304	2.27451
13.3071	2.23529
13.3102	2.07843
13.3132	2.03922
13.3163	2.29412
13.3194	2.58824
13.3225	2.80392
13.3256	2.96078
13.3287	2.41176
13.3318	2.2549
13.3348	2.33333
13.3379	2.37255
13.341	2.47059
13.3441	2.5098
13.3472	2.4902
13.3503	2.39216
13.3533	2.41176
13.3564	2.43137
13.3595	2.4902
13.3626	2.47059
13.3657	2.41176
13.3688	2.37255
13.3718	2.62745
13.3749	2.78431
13.378	2.94118
13.3811	2.94118
13.3842	2.80392
13.3873	2.45098
13.3904	2.29412
13.3934	2.43137
13.3965	2.7451
13.3996	2.96078
13.4027	3.23529
13.4058	3.17647
13.4089	2.78431
13.4119	2.70588
13.415	2.84314
13.4181	2.94118
13.4212	2.94118
13.4243	2.96078
13.4274	2.90196
13.4304	2.96078
13.4335	3.03922
13.4366	2.94118
13.4397	2.82353
13.4428	2.66667
13.4459	2.66667
13.449	2.78431
13.4522	2.96078
13.4553	2.90196
13.4584	2.72549
13.4615	2.64706
13.4647	2.60784
13.4678	2.62745
13.4709	2.68627
13.474	2.90196
13.4771	2.98039
13.4803	2.80392
13.4834	2.68627
13.4865	2.60784
13.4896	2.58824
13.4928	2.68627
13.4959	2.88235
13.499	3
13.5021	3.03922
13.5053	3
13.5084	2.96078
13.5115	2.90196
13.5146	2.80392
13.5178	2.70588
13.5209	2.70588
13.524	2.64706
13.5271	2.60784
13.5303	2.56863
13.5334	2.5098
13.5365	2.37255
13.5396	2.11765
13.5428	2.15686
13.5459	2.39216
13.549	2.56863
13.5521	2.60784
13.5553	2.52941
13.5584	2.4902
13.5615	2.54902
13.5646	2.62745
13.5678	2.68627
13.5709	2.52941
13.574	2.39216
13.5771	2.45098
13.5802	2.45098
13.5834	2.41176
13.5865	2.39216
13.5896	2.37255
13.5927	2.41176
13.5959	2.5098
13.599	2.4902
13.6021	2.5098
13.6052	2.5098
13.6084	2.37255
13.6115	2.21569
13.6146	2.15686
13.6177	2
13.6209	2.01961
13.624	1.96078
13.6271	1.84314
13.6302	1.7451
13.6334	1.72549
13.6365	2
13.6396	2.23529
13.6427	2.31373
13.6459	2.33333
13.649	2.29412
13.6521	2.2549
13.6552	2.31373
13.6584	2.37255
13.6615	2.52941
13.6646	2.52941
13.6677	2.5098
13.6709	2.35294
13.674	2.37255
13.6771	2.72549
13.6802	2.88235
13.6833	2.96078
13.6865	2.92157
13.6896	2.88235
13.6927	2.88235
13.6958	2.96078
13.699	3.07843
13.7021	3.07843
13.7052	2.96078
13.7083	2.78431
13.7115	2.72549
13.7146	2.72549
13.7177	2.76471
13.7208	2.80392
13.724	2.64706
13.7271	2.60784
13.7302	2.37255
13.7333	2.39216
13.7365	2.39216
13.7396	2.41176
13.7427	2.54902
13.7458	2.72549
13.749	2.64706
13.7521	2.41176
13.7552	2.47059
13.7583	2.66667
13.7614	2.80392
13.7645	2.72549
13.7676	2.70588
13.7707	2.72549
13.7738	2.82353
13.7768	2.92157
13.7799	2.88235
13.783	2.78431
13.7861	2.58824
13.7892	2.54902
13.7923	2.58824
13.7953	2.68627
13.7984	2.70588
13.8015	2.60784
13.8046	2.41176
13.8077	2.37255
13.8108	2.45098
13.8138	2.54902
13.8169	2.68627
13.82	2.7451
13.8231	2.86275
13.8262	3.05882
13.8293	3.15686
13.8324	3.03922
13.8354	3.17647
13.8385	3.2549
13.8416	3.35294
13.8447	3.41176
13.8478	3.45098
13.8509	3.37255
13.8539	3.31373
13.857	3.19608
13.8601	2.98039
13.8632	2.78431
13.8663	2.70588
13.8694	2.68627
13.8724	2.58824
13.8755	2.4902
13.8786	2.31373
13.8817	1.96078
13.8848	1.66667
13.8879	1.58824
13.891	1.58824
13.894	1.54902
13.8971	1.58824
13.9002	1.70588
13.9033	1.86275
13.9064	1.70588
13.9095	1.60784
13.9125	1.82353
13.9156	2.17647
13.9187	2.21569
13.9218	2.17647
13.9249	2.11765
13.928	2.23529
13.931	2.45098
13.9341	2.76471
13.9372	3.01961
13.9403	3.01961
13.9434	2.78431
13.9465	2.54902
13.9496	2.4902
13.9526	2.39216
13.9557	2.21569
13.9588	2.05882
13.9619	1.92157
13.965	1.7451
13.9681	1.60784
13.9711	1.58824
13.9742	1.68627
13.9773	1.84314
13.9804	1.94118
13.9835	2.03922
13.9866	2.17647
13.9896	2.17647
13.9927	2.21569
13.9958	2.27451
13.9989	2.29412
14.002	2.31373
14.0051	2.31373
14.0082	2.54902
14.0112	3
14.0143	3.11765
14.0174	2.94118
14.0205	2.82353
14.0236	2.80392
14.0267	2.76471
14.0297	2.54902
14.0328	2.37255
14.0359	2.19608
14.039	2.15686
14.0421	2.27451
14.0452	2.43137
14.0482	2.4902
14.0513	2.4902
14.0544	2.45098
14.0575	2.43137
14.0606	2.47059
14.0637	2.58824
14.0667	2.68627
14.0698	2.58824
14.0729	2.56863
14.076	2.54902
14.0791	2.54902
14.0822	2.5098
14.0852	2.4902
14.0883	2.47059
14.0914	2.47059
14.0945	2.5098
14.0976	2.68627
14.1007	2.88235
14.1037	2.98039
14.1068	3.03922
14.1099	2.96078
14.113	2.94118
14.1161	3
14.1192	3.01961
14.1222	2.84314
14.1253	2.72549
14.1284	2.52941
14.1315	2.5098
14.1346	2.47059
14.1376	2.39216
14.1407	2.37255
14.1438	2.2549
14.1469	2.09804
14.15	1.90196
14.1531	2.19608
14.1561	2.23529
14.1592	2.37255
14.1623	2.5098
14.1654	2.66667
14.1685	2.64706
14.1715	2.70588
14.1746	2.86275
14.1777	3.07843
14.1808	3.13725
14.1839	3.09804
14.187	3.33333
14.19	3.72549
14.1931	4.11765
14.1962	3.37255
14.1993	3.39216
14.2024	3.15686
14.2055	2.78431
14.2085	3.09804
14.2116	3.86275
14.2147	3.35294
14.2178	2.54902
14.2209	1.94118
14.2239	1.68627
14.227	1.92157
14.2301	2.31373
14.2332	2.43137
14.2363	2.56863
14.2394	2.70588
14.2424	2.84314
14.2455	2.94118
14.2486	2.68627
14.2517	2.39216
14.2548	2.17647
14.2579	2.39216
14.2609	2.5098
14.264	2.47059
14.2671	2.47059
14.2702	2.23529
14.2733	2.07843
14.2763	1.96078
14.2794	1.7451
14.2825	1.96078
14.2856	1.96078
14.2887	1.90196
14.2918	1.82353
14.2948	2.09804
14.2979	2.03922
14.301	1.70588
14.3041	1.47059
14.3072	1.2549
14.3103	1.13725
14.3133	0.862745
14.3164	0.54902
14.3195	0.901961
14.3226	1.35294
14.3257	2.80392
14.3287	2.68627
14.3318	2.35294
14.3349	2.21569
14.338	2.33333
14.3411	2.60784
14.3442	2.56863
14.3472	2.4902
14.3503	2.27451
14.3534	2.23529
14.3565	2.60784
14.3596	2.88235
14.3626	2.96078
14.3657	2.98039
14.3688	3.35294
14.3719	4.15686
14.375	4.70588
14.3781	4.35294
14.3811	3.41176
14.3843	2.43137
14.3874	2.07843
14.3905	2.15686
14.3936	2.33333
14.3968	2.39216
14.3999	2.39216
14.403	3.21569
14.4061	2.98039
14.4092	2.2549
14.4124	1.43137
14.4155	0.882353
14.4186	0.823529
14.4217	0.941176
14.4249	1.33333
14.428	1.41176
14.4311	1.52941
14.4342	1.7451
14.4373	1.80392
14.4405	1.70588
14.4436	1.64706
14.4467	1.68627
14.4498	1.68627
14.453	1.72549
14.4561	1.70588
14.4592	1.60784
14.4623	1.58824
14.4654	1.7451
14.4686	1.56863
14.4717	1.47059
14.4748	1.45098
14.4779	1.76471
14.4811	2.23529
14.4842	2.35294
14.4873	1.86275
14.4904	1.54902
14.4935	1.43137
14.4967	1.27451
14.4998	1.39216
14.5029	1.5098
14.506	1.76471
14.5092	1.98039
14.5123	2.07843
14.5154	2.23529
14.5185	2.2549
14.5216	2.35294
14.5248	2.4902
14.5279	2.29412
14.531	2.2549
14.5341	2.23529
14.5373	2.21569
14.5404	2.01961
14.5435	1.66667
14.5466	1.39216
14.5497	1.5098
14.5529	1.86275
14.556	2.15686
14.5591	2.15686
14.5622	2.19608
14.5654	1.66667
14.5685	1.72549
14.5716	1.78431
14.5747	2.09804
14.5779	2.33333
14.581	2.35294
14.5841	2.39216
14.5872	2.47059
14.5903	2.52941
14.5935	2.45098
14.5966	2.35294
14.5997	2.31373
14.6028	2.23529
14.606	2.17647
14.6091	2.09804
14.6122	2.07843
14.6153	1.86275
14.6184	1.47059
14.6216	1.2549
14.6247	1.09804
14.6278	1.11765
14.6309	1.54902
14.6341	1.52941
14.6372	1.09804
14.6403	1.05882
14.6434	1.27451
14.6465	1.37255
14.6497	1.56863
14.6528	1.72549
14.6559	1.96078
14.659	2.11765
14.6622	2.13725
14.6653	2.07843
14.6684	2.01961
14.6715	2.09804
14.6746	1.94118
14.6778	1.72549
14.6809	1.54902
14.684	1.45098
14.6871	1.27451
14.6903	1.37255
14.6934	1.2549
14.6965	0.980392
14.6996	0.803922
14.7027	0.72549
14.7057	0.588235
14.7088	0.627451
14.7119	0.666667
14.715	0.764706
14.7181	1.07843
14.7212	1.19608
14.7242	1.37255
14.7273	1.4902
14.7304	1.58824
14.7335	1.47059
14.7366	1.45098
14.7397	1.47059
14.7427	1.4902
14.7458	1.56863
14.7489	1.54902
14.752	1.43137
14.7551	1.39216
14.7581	1.29412
14.7612	1.23529
14.7643	1.23529
14.7674	1.2549
14.7705	1.21569
14.7736	1.39216
14.7766	1.45098
14.7797	1.29412
14.7828	1.2549
14.7859	1.33333
14.789	1.45098
14.792	1.68627
14.7951	1.90196
14.7982	1.88235
14.8013	1.88235
14.8044	2.27451
14.8075	2.45098
14.8105	2.47059
14.8136	2.56863
14.8167	2.62745
14.8198	2.68627
14.8229	2.86275
14.826	2.94118
14.829	2.66667
14.8321	2.56863
14.8352	2.66667
14.8383	2.82353
14.8414	2.88235
14.8444	2.88235
14.8475	2.90196
14.8506	3.01961
14.8537	3.07843
14.8568	3.13725
14.8599	3.17647
14.8629	3.19608
14.866	3.27451
14.8691	3.31373
14.8722	3.33333
14.8753	3.43137
14.8784	3.56863
14.8814	3.54902
14.8845	3.54902
14.8876	3.47059
14.8907	3.41176
14.8938	3.43137
14.8968	3.5098
14.8999	3.72549
14.903	3.88235
14.9061	3.78431
14.9092	3.70588
14.9123	3.62745
14.9153	3.66667
14.9184	3.68627
14.9215	3.68627
14.9246	3.5098
14.9277	3.11765
14.9308	2.96078
14.9338	2.90196
14.9369	2.92157
14.94	3.01961
14.9431	3.09804
14.9462	3.01961
14.9492	3
14.9523	3.05882
14.9554	3.07843
14.9585	3.07843
14.9616	3.03922
14.9647	2.92157
14.9677	2.96078
14.9708	3.09804
14.9739	3.19608
14.977	3.21569
14.9801	2.98039
14.9832	2.90196
14.9862	3.01961
14.9893	3.09804
14.9924	3.21569
14.9955	3.23529
14.9986	3.33333
15.0016	3.33333
15.0047	2.96078
15.0078	2.58824
15.0109	2.7451
15.014	2.98039
15.017	2.92157
15.0201	2.7451
15.0232	2.56863
15.0262	2.52941
15.0293	2.54902
15.0324	2.47059
15.0354	2.43137
15.0385	2.37255
15.0416	2.27451
15.0446	2.23529
15.0477	2.17647
15.0508	2.29412
15.0538	2.56863
15.0569	2.78431
15.06	2.92157
15.063	2.86275
15.0661	2.7451
15.0692	2.56863
15.0722	2.54902
15.0753	2.64706
15.0784	2.90196
15.0814	3.17647
15.0845	3
15.0876	2.54902
15.0906	2.52941
15.0937	2.52941
15.0968	2.47059
15.0998	2.31373
15.1029	2.11765
15.106	1.98039
15.109	1.94118
15.1121	1.92157
15.1152	1.92157
15.1182	2.05882
15.1213	2.19608
15.1244	2.19608
15.1274	2.23529
15.1305	2.27451
15.1336	2.23529
15.1366	2.29412
15.1397	2.17647
15.1428	2.41176
15.1458	2.4902
15.1489	2.52941
15.152	2.2549
15.155	2.21569
15.1581	1.92157
15.1612	2.05882
15.1642	2.31373
15.1673	2.47059
15.1704	2.4902
15.1734	2.45098
15.1765	2.43137
15.1796	2.52941
15.1826	2.54902
15.1857	2.43137
15.1888	2.31373
15.1918	2.15686
15.1949	2.29412
15.198	2.37255
15.201	2.35294
15.2041	2.45098
15.2072	2.45098
15.2102	2.21569
15.2133	2.09804
15.2164	2.31373
15.2194	2.62745
15.2225	2.80392
15.2256	2.47059
15.2286	1.96078
15.2317	2.13725
15.2348	2.33333
15.2379	2.4902
15.2409	2.11765
15.244	1.88235
15.2471	2.15686
15.2501	2.68627
15.2532	3.03922
15.2563	3
15.2593	2.66667
15.2624	2.37255
15.2655	2.11765
15.2685	1.92157
15.2716	1.94118
15.2747	2.15686
15.2777	2.33333
15.2808	2.07843
15.2839	2.2549
15.2869	2.82353
15.29	3.07843
15.2931	2.41176
15.2961	2.23529
15.2992	2.4902
15.3023	2.88235
15.3053	3.41176
15.3084	3.7451
15.3115	3.41176
15.3145	3.09804
15.3176	2.86275
15.3207	2.78431
15.3237	2.68627
15.3268	2.58824
15.3299	2.47059
15.333	2.47059
15.3361	2.43137
15.3392	2.29412
15.3423	2.13725
15.3454	2
15.3485	1.92157
15.3516	1.94118
15.3547	2.09804
15.3578	2.07843
15.3609	2.03922
15.364	2.13725
15.3671	2.23529
15.3702	2.19608
15.3733	2.03922
15.3764	1.68627
15.3795	1.86275
15.3826	2.35294
15.3857	2.88235
15.3888	3.2549
15.3919	3.07843
15.395	2.80392
15.3981	2.92157
15.4012	2.84314
15.4043	2.62745
15.4074	2.27451
15.4105	1.94118
15.4136	1.70588
15.4167	1.5098
15.4198	1.86275
15.4229	2.19608
15.426	2.41176
15.4291	2.54902
15.4322	2.70588
15.4353	2.82353
15.4384	2.66667
15.4415	2.47059
15.4446	2.72549
15.4477	3.11765
15.4508	3.03922
15.4539	2.68627
15.457	2.60784
15.4601	2.60784
15.4632	2.78431
15.4663	2.90196
15.4694	2.76471
15.4725	2.70588
15.4756	2.62745
15.4787	3
15.4818	3.23529
15.4849	3.2549
15.488	2.7451
15.4911	2.37255
15.4942	2.37255
15.4973	2.54902
15.5004	2.54902
15.5035	2.47059
15.5066	2.4902
15.5097	2.4902
15.5128	2.45098
15.5159	2.35294
15.519	2.21569
15.5221	2.21569
15.5252	2.37255
15.5283	2.54902
15.5314	2.62745
15.5345	2.84314
15.5376	2.76471
15.5407	2.66667
15.5438	2.47059
15.5469	2.52941
15.55	2.76471
15.5531	2.60784
15.5562	2.33333
15.5593	2.21569
15.5624	2.05882
15.5655	2.01961
15.5686	1.90196
15.5717	2.09804
15.5748	2.19608
15.5779	2.11765
15.581	2.07843
15.5841	2.01961
15.5872	2.09804
15.5903	2.27451
15.5934	2.21569
15.5965	2.03922
15.5996	2.01961
15.6027	1.98039
15.6058	2
15.6089	2.11765
15.612	2.2549
15.6151	2.37255
15.6182	2.45098
15.6213	2.29412
15.6244	2.17647
15.6275	2.27451
15.6306	2.19608
15.6337	2.17647
15.6368	2.23529
15.6399	2.54902
15.643	2.84314
15.646	2.64706
15.6491	2.4902
15.6522	2.41176
15.6553	2.54902
15.6584	2.70588
15.6615	2.54902
15.6646	2.31373
15.6677	2.27451
15.6708	2.45098
15.6739	2.43137
15.677	2.41176
15.6801	2.37255
15.6831	2.47059
15.6862	2.62745
15.6893	2.56863
15.6924	2.4902
15.6955	2.31373
15.6986	2.27451
15.7017	2.23529
15.7048	2.33333
15.7079	2.4902
15.711	2.58824
15.7141	2.7451
15.7172	2.98039
15.7202	2.78431
15.7233	2.72549
15.7264	2.70588
15.7295	2.76471
15.7326	2.66667
15.7357	2.68627
15.7388	2.7451
15.7419	2.78431
15.745	2.80392
15.7481	2.84314
15.7512	2.90196
15.7543	2.90196
15.7574	2.88235
15.7604	2.98039
15.7635	3.03922
15.7666	2.96078
15.7697	2.86275
15.7728	2.7451
15.7759	2.66667
15.779	2.70588
15.7821	2.80392
15.7852	2.80392
15.7883	2.58824
15.7914	2.4902
15.7945	2.58824
15.7975	2.70588
15.8006	2.86275
15.8037	3.07843
15.8068	3.15686
15.8099	3.01961
15.813	2.80392
15.8161	2.70588
15.8192	2.62745
15.8223	2.58824
15.8254	2.7451
15.8285	2.88235
15.8316	2.90196
15.8346	2.88235
15.8377	2.86275
15.8408	2.88235
15.8439	3
15.847	3.01961
15.8501	3.05882
15.8532	2.94118
15.8563	2.7451
15.8594	2.58824
15.8625	2.56863
15.8656	2.66667
15.8687	2.70588
15.8717	2.7451
15.8748	2.84314
15.8779	2.98039
15.881	2.92157
15.8841	2.78431
15.8872	2.98039
15.8903	3.03922
15.8934	2.78431
15.8965	2.80392
15.8996	2.78431
15.9027	2.76471
15.9058	2.82353
15.9088	2.94118
15.9119	2.90196
15.915	2.78431
15.9181	2.7451
15.9212	2.82353
15.9243	3
15.9274	3.21569
15.9305	3.23529
15.9336	3.17647
15.9367	3.03922
15.9398	2.94118
15.9429	3.27451
15.946	3.64706
15.949	3.96078
15.9521	4.07843
15.9552	3.90196
15.9583	3.82353
15.9613	3.88235
15.9644	3.96078
15.9675	4.05882
15.9706	4.19608
15.9736	4.41176
15.9767	4.35294
15.9798	4.07843
15.9828	4
15.9859	4.01961
15.989	4.09804
15.9921	4.05882
15.9951	3.84314
15.9982	3.7451
16.0013	3.80392
16.0043	3.96078
16.0074	3.98039
16.0105	3.96078
16.0136	3.92157
16.0166	3.41176
16.0197	3.33333
16.0228	3.41176
16.0258	3.43137
16.0289	3.37255
16.032	3.29412
16.035	3.23529
16.0381	3.17647
16.0412	3.11765
16.0443	3.07843
16.0473	3.03922
16.0504	3.07843
16.0535	3.05882
16.0565	3.01961
16.0596	3.11765
16.0627	3.17647
16.0658	3.03922
16.0688	3.09804
16.0719	3.15686
16.075	3.19608
16.078	3.13725
16.0811	3.03922
16.0842	3.13725
16.0873	3.17647
16.0903	3.19608
16.0934	3.21569
16.0965	3.21569
16.0995	3.15686
16.1026	3.21569
16.1057	3.15686
16.1087	3.05882
16.1118	2.96078
16.1149	2.88235
16.118	2.94118
16.121	3.01961
16.1241	3.07843
16.1272	3.01961
16.1302	2.94118
16.1333	3.05882
16.1364	3.23529
16.1395	3.43137
16.1425	3.58824
16.1456	3.2549
16.1487	3.13725
16.1517	3.05882
16.1548	3.11765
16.1579	3.2549
16.161	3.13725
16.164	3.2549
16.1671	3.39216
16.1702	3.43137
16.1732	3.43137
16.1763	3.45098
16.1794	3.43137
16.1824	3.29412
16.1855	2.88235
16.1886	1.7451
16.1917	1.90196
16.1947	2.41176
16.1978	2.78431
16.2009	2.84314
16.2039	2.78431
16.207	2.82353
16.2101	2.80392
16.2132	2.88235
16.2162	3.01961
16.2193	3.15686
16.2224	3.39216
16.2254	3.45098
16.2285	3.39216
16.2316	3.4902
16.2347	3.94118
16.2377	4.43137
16.2408	4.64706
16.2439	4.86275
16.2469	4.98039
16.25	4.98039
16.2531	4.98039
16.2561	5
16.2592	5
16.2623	5
16.2654	5
16.2685	5
16.2716	4.98039
16.2748	4.47059
16.2779	3.39216
16.281	2.05882
16.2841	1.33333
16.2872	1.33333
16.2903	1.86275
16.2935	2.64706
16.2966	3.4902
16.2997	4.19608
16.3028	4.13725
16.3059	3.72549
16.309	3.45098
16.3122	3.27451
16.3153	3.03922
16.3184	2.4902
16.3215	2.21569
16.3246	1.96078
16.3277	1.70588
16.3309	1.66667
16.334	1.7451
16.3371	1.94118
16.3402	2.19608
16.3433	2.21569
16.3464	2.01961
16.3496	1.80392
16.3527	1.56863
16.3558	1.27451
16.3589	0.941176
16.362	0.45098
16.3651	0.235294
16.3683	0.647059
16.3714	1.01961
16.3745	1.29412
16.3776	1.27451
16.3807	1.45098
16.3838	1.90196
16.387	2.13725
16.3901	2.07843
16.3932	1.96078
16.3963	1.94118
16.3994	2.13725
16.4025	2
16.4057	1.88235
16.4088	1.54902
16.4119	1.41176
16.415	1.23529
16.4181	1
16.4212	0.823529
16.4244	0.54902
16.4275	0.431373
16.4306	0.333333
16.4337	0.176471
16.4368	0
16.4399	0.0784314
16.4431	0.176471
16.4462	0
16.4493	0
16.4524	0
16.4555	0
16.4586	0.0196078
16.4618	0.294118
16.4649	0.666667
16.468	0.980392
16.4711	1.17647
16.4742	1.31373
16.4773	1.52941
16.4805	1.82353
16.4836	1.96078
16.4867	2.15686
16.4898	2.41176
16.4929	2.84314
16.496	3.92157
16.4992	4.03922
16.5023	4.21569
16.5054	4.21569
16.5085	3.78431
16.5116	3.07843
16.5147	2.41176
16.5179	1.98039
16.521	1.66667
16.5241	1.39216
16.5272	1.19608
16.5303	1.09804
16.5334	1.09804
16.5366	1.13725
16.5397	1.19608
16.5428	1.29412
16.5459	1.47059
16.549	1.68627
16.5521	1.78431
16.5553	1.82353
16.5584	1.94118
16.5615	2.03922
16.5646	2.15686
16.5677	2.17647
16.5708	2.29412
16.5739	2.41176
16.5771	2.7451
16.5801	3.29412
16.5832	4
16.5863	4.37255
16.5894	4.98039
16.5925	5
16.5955	5
16.5986	4.98039
16.6017	4.98039
16.6048	4.35294
16.6079	3.47059
16.611	2.78431
16.614	2.37255
16.6171	2.21569
16.6202	2.09804
16.6233	1.80392
16.6264	0.588235
16.6294	0
16.6325	0
16.6356	0
16.6387	0
16.6418	0
16.6448	0.294118
16.6479	0.705882
16.651	1.15686
16.6541	1.58824
16.6572	2.05882
16.6602	2.60784
16.6633	3.01961
16.6664	3.37255
16.6695	3.88235
16.6726	4.17647
16.6756	4.54902
16.6787	4.4902
16.6818	3.88235
16.6849	3.07843
16.688	2.03922
16.691	0.980392
16.6941	0.137255
16.6972	0
16.7003	0
16.7034	0
16.7064	0.117647
16.7095	0.372549
16.7126	0.666667
16.7157	1.03922
16.7188	1.23529
16.7218	1.35294
16.7249	1.4902
16.728	1.64706
16.7311	1.94118
16.7342	2.52941
16.7372	3.09804
16.7403	3.68627
16.7434	4.09804
16.7465	4.41176
16.7496	4.62745
16.7526	4.88235
16.7557	4.98039
16.7588	4.98039
16.7619	4.98039
16.765	4.98039
16.768	4.96078
16.7711	3.76471
16.7742	2.01961
16.7773	0.490196
16.7804	0
16.7835	0
16.7865	0.235294
16.7896	0.764706
16.7927	1.43137
16.7958	2.03922
16.7989	2.31373
16.8019	2.78431
16.805	3.60784
16.8081	4.76471
16.8112	4.98039
16.8143	4.98039
16.8173	4.60784
16.8204	3.15686
16.8235	1.13725
16.8266	0
16.8297	0
16.8327	0
16.8358	0.764706
16.8389	2.76471
16.842	4.98039
16.8451	4.98039
16.8481	4.4902
16.8512	3.54902
16.8543	2.80392
16.8574	1.92157
16.8605	1.05882
16.8635	0.588235
16.8666	0.588235
16.8697	0.921569
16.8728	1.41176
16.8759	1.60784
16.8789	1.19608
16.882	0.882353
16.8851	1.39216
16.8882	1.86275
16.8913	1.45098
16.8943	1.07843
16.8974	0.764706
16.9005	0.745098
16.9036	0.803922
16.9067	1
16.9097	1.70588
16.9128	2.15686
16.9159	2.52941
16.919	1.96078
16.9221	1.41176
16.9251	1.33333
16.9282	1.90196
16.9313	1.68627
16.9344	2.4902
16.9375	2.78431
16.9405	2.5098
16.9436	1.72549
16.9467	1.07843
16.9498	1.64706
16.9529	1.54902
16.956	2.03922
16.959	2.90196
16.9621	3.11765
16.9652	3.27451
16.9683	2.54902
16.9714	1.86275
16.9744	1.39216
16.9775	1.07843
16.9806	1.03922
16.9837	1.19608
16.9868	1.52941
16.9898	1.66667
16.9929	2.37255
16.996	2.4902
16.9991	2.15686
17.0022	1.90196
17.0052	2.47059
17.0083	2.2549
17.0114	1.4902
17.0145	2.01961
17.0176	2.15686
17.0206	1.62745
17.0237	1.39216
17.0268	2.19608
17.0299	1.47059
17.033	0.921569
17.036	0.901961
17.0391	1
17.0422	1.09804
17.0453	1.19608
17.0484	1.2549
17.0514	2.09804
17.0545	2.31373
17.0576	1.52941
17.0607	1.35294
17.0638	1.35294
17.0668	1.41176
17.0699	1.70588
17.073	2.52941
17.0761	2.54902
17.0792	2.09804
17.0822	2.07843
17.0853	2.03922
17.0884	1.7451
17.0915	1.70588
17.0946	1.96078
17.0976	1.76471
17.1007	2
17.1038	2.37255
17.1069	2.88235
17.11	3.37255
17.1131	3.33333
17.1161	2.54902
17.1192	2.11765
17.1223	2.07843
17.1254	2.2549
17.1285	2.4902
17.1315	2.4902
17.1346	2.13725
17.1377	2.37255
17.1408	2.7451
17.1439	3.13725
17.1469	3.21569
17.15	3.21569
17.1531	3.2549
17.1562	3.37255
17.1593	3.54902
17.1623	3.41176
17.1654	3.15686
17.1685	3.03922
17.1716	3.07843
17.1747	3.03922
17.1777	2.98039
17.1808	2.94118
17.1839	2.86275
17.187	2.70588
17.1901	2.54902
17.1931	2.37255
17.1962	2.29412
17.1993	2.23529
17.2024	2.23529
17.2055	2.31373
17.2086	2.58824
17.2117	2.60784
17.2148	2.2549
17.2179	2.09804
17.221	2.13725
17.2241	2.35294
17.2272	2.52941
17.2303	2.70588
17.2334	2.86275
17.2365	2.88235
17.2396	2.92157
17.2427	2.98039
17.2458	3.03922
17.2489	3.05882
17.252	2.96078
17.2551	2.84314
17.2582	2.7451
17.2613	2.58824
17.2644	2.62745
17.2675	2.56863
17.2706	2.68627
17.2737	2.82353
17.2768	2.68627
17.2799	2.09804
17.283	1.62745
17.2861	1.66667
17.2892	1.84314
17.2923	1.82353
17.2954	1.35294
17.2985	0.647059
17.3016	0.0980392
17.3047	0
17.3078	0
17.3109	0
17.3141	0.0392157
17.3172	0.235294
17.3203	0.529412
17.3234	0.666667
17.3265	0.764706
17.3296	0.921569
17.3327	1.01961
17.3358	1.23529
17.3389	1.39216
17.342	1.43137
17.3451	1.52941
17.3482	1.68627
17.3513	1.82353
17.3544	1.94118
17.3575	2
17.3606	2.39216
17.3637	2.54902
17.3668	2.62745
17.3699	2.70588
17.373	2.68627
17.3761	2.80392
17.3792	2.94118
17.3823	2.98039
17.3854	2.92157
17.3885	2.64706
17.3916	2.41176
17.3947	2.4902
17.3978	2.54902
17.4009	2.4902
17.404	1.58824
17.4071	1.58824
17.4102	1.56863
17.4133	1.60784
17.4164	1.72549
17.4195	1.80392
17.4226	1.82353
17.4257	1.66667
17.4288	1.72549
17.4319	1.92157
17.435	2.23529
17.4381	2.43137
17.4412	2.39216
17.4443	2.2549
17.4474	2.37255
17.4505	2.5098
17.4536	2.5098
17.4567	2.5098
17.4598	2.54902
17.4629	2.41176
17.466	2.41176
17.4691	2.41176
17.4722	2.47059
17.4753	2.41176
17.4784	2.43137
17.4815	2.52941
17.4846	2.4902
17.4877	2.19608
17.4908	2.13725
17.4939	1.96078
17.497	1.84314
17.5001	1.84314
17.5032	1.86275
17.5063	1.88235
17.5094	1.88235
17.5125	1.96078
17.5156	2.01961
17.5187	1.96078
17.5218	1.84314
17.5249	1.86275
17.528	2.03922
17.5311	2.17647
17.5342	2.01961
17.5373	2.11765
17.5404	2.27451
17.5435	2.2549
17.5465	2.11765
17.5496	2.17647
17.5527	2.07843
17.5558	1.98039
17.5589	1.98039
17.562	2.01961
17.5651	2.05882
17.5682	2.11765
17.5713	2.13725
17.5744	1.86275
17.5775	1.76471
17.5806	1.86275
17.5836	1.94118
17.5867	1.7451
17.5898	1.60784
17.5929	1.60784
17.596	1.56863
17.5991	1.54902
17.6022	1.66667
17.6053	1.82353
17.6084	1.92157
17.6115	2.01961
17.6146	2.23529
17.6177	2.56863
17.6208	2.60784
17.6238	2.52941
17.6269	2.70588
17.63	2.76471
17.6331	2.72549
17.6362	2.52941
17.6393	2.35294
17.6424	2.27451
17.6455	2.21569
17.6486	2.09804
17.6517	2.05882
17.6548	2.01961
17.6579	1.96078
17.6609	1.86275
17.664	1.84314
17.6671	1.72549
17.6702	1.70588
17.6733	1.76471
17.6764	1.80392
17.6795	1.78431
17.6826	2
17.6857	2.27451
17.6888	2.23529
17.6919	1.96078
17.695	1.5098
17.698	1.47059
17.7011	1.41176
17.7042	1.4902
17.7073	1.68627
17.7104	1.7451
17.7135	1.72549
17.7166	1.62745
17.7197	1.39216
17.7228	1.47059
17.7259	1.7451
17.729	2
17.7321	2.05882
17.7351	2.07843
17.7382	2.41176
17.7413	2.5098
17.7444	2.47059
17.7475	2.58824
17.7506	2.52941
17.7537	2.4902
17.7568	2.56863
17.7599	2.45098
17.763	2.88235
17.7661	3.09804
17.7692	2.88235
17.7722	2.66667
17.7753	2.19608
17.7784	2.13725
17.7815	2.5098
17.7846	2.92157
17.7877	3.09804
17.7908	3.23529
17.7939	2.98039
17.797	2.7451
17.8001	2.66667
17.8032	2.68627
17.8063	2.47059
17.8094	2.01961
17.8124	1.90196
17.8155	2.09804
17.8186	2.13725
17.8217	2.05882
17.8248	2.21569
17.8279	2.41176
17.831	2.56863
17.834	2.70588
17.8371	2.39216
17.8402	2.66667
17.8433	3.13725
17.8463	3.47059
17.8494	3.05882
17.8525	2.29412
17.8556	2.33333
17.8586	2.47059
17.8617	2.76471
17.8648	2.90196
17.8678	2.92157
17.8709	2.90196
17.874	2.78431
17.8771	2.66667
17.8801	2.56863
17.8832	2.54902
17.8863	2.43137
17.8894	2.2549
17.8924	1.64706
17.8955	0.45098
17.8986	0.921569
17.9016	1.66667
17.9047	1.90196
17.9078	2.13725
17.9109	2.45098
17.9139	2.72549
17.917	2.90196
17.9201	2.90196
17.9232	2.7451
17.9262	3.05882
17.9293	3.39216
17.9324	3.58824
17.9354	3.76471
17.9385	3.68627
17.9416	3.7451
17.9447	3.72549
17.9477	3.88235
17.9508	3.68627
17.9539	3.23529
17.957	2.7451
17.96	2.68627
17.9631	2.84314
17.9662	2.78431
17.9692	2.70588
17.9723	2.7451
17.9754	2.7451
17.9785	2.68627
17.9815	2.62745
17.9846	2.68627
17.9877	2.98039
17.9908	2.98039
17.9938	2.62745
17.9969	2.54902
18	2.56863
18.003	2.56863
18.0061	2.64706
18.0092	2.94118
18.0123	3.07843
18.0153	3.35294
18.0184	3.68627
18.0215	3.33333
18.0246	3.07843
18.0276	3
18.0307	3
18.0338	3.13725
18.0368	3.2549
18.0399	3.37255
18.043	3.41176
18.0461	3.58824
18.0491	3.45098
18.0522	2.98039
18.0553	2.82353
18.0584	2.78431
18.0614	2.88235
18.0645	2.98039
18.0676	3.03922
18.0706	3.13725
18.0737	3.27451
18.0768	3.19608
18.0799	3.13725
18.0829	3.29412
18.086	3.23529
18.0891	3.17647
18.0922	3.21569
18.0952	3.43137
18.0983	3.60784
18.1014	3.86275
18.1044	3.70588
18.1075	3.33333
18.1106	3.54902
18.1137	3.62745
18.1167	3.31373
18.1198	3.23529
18.1229	3.31373
18.126	3.35294
18.129	3.35294
18.1321	3.33333
18.1352	3.2549
18.1382	3.21569
18.1414	3.19608
18.1445	3.23529
18.1476	3.23529
18.1507	3.27451
18.1538	3.39216
18.157	3.43137
18.1601	3.19608
18.1632	2.92157
18.1663	2.90196
18.1694	2.96078
18.1726	3.03922
18.1757	3.05882
18.1788	3.05882
18.1819	3.11765
18.185	3.27451
18.1881	3.35294
18.1913	3.09804
18.1944	2.90196
18.1975	2.82353
18.2006	2.82353
18.2037	2.82353
18.2069	2.88235
18.21	3.09804
18.2131	3.33333
18.2162	3.37255
18.2193	3.11765
18.2224	2.90196
18.2256	2.90196
18.2287	3.05882
18.2318	3.19608
18.2349	3.07843
18.238	2.88235
18.2412	2.84314
18.2443	2.84314
18.2474	2.86275
18.2505	2.84314
18.2536	2.86275
18.2568	2.86275
18.2599	2.84314
18.263	2.82353
18.2661	2.86275
18.2692	3.05882
18.2723	3.2549
18.2755	3.21569
18.2786	3.17647
18.2817	3.37255
18.2848	3.64706
18.2879	3.70588
18.2911	3.60784
18.2942	3.4902
18.2973	3.62745
18.3004	3.68627
18.3035	3.66667
18.3066	3.76471
18.3098	3.80392
18.3129	3.82353
18.316	3.80392
18.3191	3.70588
18.3222	3.60784
18.3254	3.4902
18.3285	3.45098
18.3316	3.43137
18.3347	3.47059
18.3378	3.41176
18.341	3.35294
18.3441	3.35294
18.3472	3.39216
18.3503	3.33333
18.3534	3.17647
18.3565	3.19608
18.3597	3.29412
18.3628	3.31373
18.3659	3.45098
18.369	3.60784
18.3721	3.52941
18.3753	3.45098
18.3784	3.37255
18.3815	3.19608
18.3846	3.21569
18.3877	3.27451
18.3908	3.2549
18.394	3.31373
18.3971	3.47059
18.4002	3.41176
18.4033	3.35294
18.4064	3.33333
18.4096	3.35294
18.4127	3.45098
18.4158	3.5098
18.4189	3.37255
18.422	3.01961
18.4252	2.82353
18.4283	2.76471
18.4314	2.84314
18.4345	2.90196
18.4376	2.88235
18.4407	2.70588
18.4439	2.64706
18.447	2.68627
18.4501	2.92157
18.4532	3.09804
18.4563	2.96078
18.4595	2.92157
18.4626	3.07843
18.4657	3.21569
18.4688	3.17647
18.4719	3.19608
18.4751	3.29412
18.4782	3.45098
18.4813	3.56863
18.4844	3.62745
18.4875	3.58824
18.4907	3.58824
18.4938	3.64706
18.4969	3.68627
18.5	3.70588
18.5031	3.66667
18.5063	3.64706
18.5094	3.60784
18.5125	3.60784
18.5156	3.56863
18.5187	3.5098
18.5219	3.43137
18.525	3.27451
18.5281	3.39216
18.5312	3.64706
18.5343	4
18.5375	4.35294
18.5406	4.70588
18.5437	4.98039
18.5468	5
18.55	5
18.5531	5
18.5562	5
18.5593	4.98039
18.5624	4.92157
18.5656	4.15686
18.5687	3.33333
18.5718	2.62745
18.5749	1.94118
18.578	1.37255
18.5812	1.11765
18.5843	0.882353
18.5874	0.54902
18.5905	0.235294
18.5936	0.117647
18.5968	0
18.5999	0
18.603	0.0980392
18.6061	0.196078
18.6092	0.27451
18.6124	0.470588
18.6155	0.803922
18.6186	0.980392
18.6217	1.07843
18.6248	1.11765
18.628	1.13725
18.6311	1.09804
18.6342	1.15686
18.6373	1.39216
18.6404	1.54902
18.6436	1.60784
18.6467	1.7451
18.6498	1.92157
18.6529	1.94118
18.656	1.94118
18.6592	2.05882
18.6623	2.13725
18.6654	2.07843
18.6685	2.17647
18.6716	2.11765
18.6748	1.72549
18.6779	1.23529
18.681	0.901961
18.6841	0.764706
18.6873	0.529412
18.6904	0.411765
18.6935	0.45098
18.6966	0.764706
18.6997	1.27451
18.7029	1.72549
18.706	1.98039
18.7091	2.11765
18.7122	2.45098
18.7153	2.7451
18.7185	2.84314
18.7216	2.72549
18.7247	2.64706
18.7278	3.01961
18.7309	3.29412
18.7341	3.60784
18.7372	3.82353
18.7403	4
18.7434	4.01961
18.7465	3.90196
18.7497	3.66667
18.7528	3.64706
18.7559	3.58824
18.759	3.45098
18.7621	2.5098
18.7653	1.31373
18.7684	0.215686
18.7715	0
18.7745	0
18.7776	0
18.7807	0.0784314
18.7838	0.470588
18.7869	0.980392
18.7899	1.84314
18.793	1.96078
18.7961	1.94118
18.7992	1.92157
18.8023	1.98039
18.8053	2.11765
18.8084	2.35294
18.8115	2.52941
18.8146	2.66667
18.8177	2.98039
18.8207	3.13725
18.8238	3.05882
18.8269	2.88235
18.83	2.72549
18.8331	2.43137
18.8361	2.29412
18.8392	2.17647
18.8423	2.01961
18.8454	1.86275
18.8485	1.84314
18.8516	1.82353
18.8546	1.76471
18.8577	1.58824
18.8608	1.54902
18.8639	1.52941
18.867	1.45098
18.87	1.35294
18.8731	1.80392
18.8762	2.2549
18.8793	2.41176
18.8824	2.72549
18.8854	3.03922
18.8885	3.19608
18.8916	3.35294
18.8947	3.45098
18.8978	3.31373
18.9008	3.13725
18.9039	2.98039
18.907	2.90196
18.9101	2.90196
18.9132	2.84314
18.9162	2.66667
18.9193	2.31373
18.9224	2.07843
18.9255	1.80392
18.9286	1.54902
18.9316	1.41176
18.9347	1.41176
18.9378	1.4902
18.9409	1.58824
18.944	1.7451
18.947	1.96078
18.9501	2.13725
18.9532	2.35294
18.9563	2.54902
18.9594	2.72549
18.9624	2.84314
18.9655	2.98039
18.9686	3.15686
18.9717	3.35294
18.9748	3.47059
18.9778	3.58824
18.9809	3.64706
18.984	3.86275
18.9871	4.11765
18.9902	4.45098
18.9932	4.66667
18.9963	4.37255
18.9994	3.80392
19.0025	3.27451
19.0056	2.72549
19.0086	2.56863
19.0117	2.21569
19.0148	1.88235
19.0179	1.92157
19.021	2
19.0241	1.90196
19.0271	1.68627
19.0302	1.72549
19.0333	2.09804
19.0364	2.56863
19.0395	2.86275
19.0425	3.21569
19.0456	3.4902
19.0487	3.64706
19.0518	3.72549
19.0549	3.58824
19.0579	3.39216
19.061	3.11765
19.0641	2.88235
19.0672	2.72549
19.0703	2.58824
19.0733	2.43137
19.0764	2.29412
19.0795	2.13725
19.0826	2.07843
19.0857	2.03922
19.0889	2.15686
19.092	2.29412
19.0951	2.2549
19.0982	2.07843
19.1014	1.98039
19.1045	2.03922
19.1076	2.31373
19.1107	2.5098
19.1138	2.5098
19.117	2.56863
19.1201	2.66667
19.1232	2.68627
19.1263	2.70588
19.1295	2.76471
19.1326	2.98039
19.1357	3.21569
19.1388	3.45098
19.1419	3.52941
19.1451	3.37255
19.1482	3.21569
19.1513	3.05882
19.1544	2.92157
19.1576	2.72549
19.1607	2.35294
19.1638	1.96078
19.1669	1.72549
19.17	1.47059
19.1732	0.862745
19.1763	0.627451
19.1794	0.627451
19.1825	0.45098
19.1857	0.411765
19.1888	0.666667
19.1919	1.11765
19.195	1.62745
19.1981	2.11765
19.2013	2.31373
19.2044	2.29412
19.2075	2.2549
19.2106	2.31373
19.2138	2.45098
19.2169	3.19608
19.22	3.64706
19.2231	2.17647
19.2262	1.58824
19.2294	1.17647
19.2325	0.54902
19.2356	0.431373
19.2387	1.29412
19.2419	1.92157
19.245	1.82353
19.2481	2.52941
19.2512	1.88235
19.2543	1.21569
19.2575	1
19.2606	1.17647
19.2637	1.37255
19.2668	2.21569
19.27	1.92157
19.2731	1.58824
19.2762	1.31373
19.2793	1.11765
19.2824	0.941176
19.2856	0.823529
19.2887	0.784314
19.2918	1.19608
19.2949	2.66667
19.2981	2.37255
19.3012	1.11765
19.3043	0.568627
19.3074	0.54902
19.3106	1.21569
19.3137	1.72549
19.3168	2
19.3199	2.19608
19.323	2.84314
19.3262	2.41176
19.3293	2.45098
19.3324	2.7451
19.3355	3.5098
19.3387	4.33333
19.3418	4.56863
19.3449	4.98039
19.348	4.98039
19.3511	4.98039
19.3543	4.35294
19.3574	3.13725
19.3605	2.5098
19.3636	3.03922
19.3668	4.01961
19.3699	3.94118
19.373	3.23529
19.3761	2.4902
19.3792	2.94118
19.3824	2.88235
19.3855	2.07843
19.3886	1.64706
19.3917	1.31373
19.3949	1.15686
19.398	1.17647
19.4011	1.37255
19.4042	1.64706
19.4073	1.84314
19.4104	2.29412
19.4135	2.35294
19.4166	2.45098
19.4197	2.17647
19.4228	1.84314
19.4259	1.70588
19.429	1.56863
19.4321	1.52941
19.4352	1.76471
19.4383	2.2549
19.4414	1.90196
19.4445	1.58824
19.4476	1.43137
19.4507	1.39216
19.4538	1.45098
19.4569	1.52941
19.46	1.43137
19.4631	1.31373
19.4662	1.31373
19.4693	1.2549
19.4724	1.27451
19.4755	1.29412
19.4786	1.43137
19.4817	1.62745
19.4848	2.13725
19.4879	1.86275
19.491	1.47059
19.4941	1.33333
19.4972	1.39216
19.5003	1.58824
19.5034	1.64706
19.5065	1.64706
19.5096	1.66667
19.5127	1.70588
19.5158	1.72549
19.5189	1.62745
19.522	1.60784
19.5251	1.4902
19.5282	1.37255
19.5313	1.2549
19.5344	1.17647
19.5375	0.921569
19.5406	0.72549
19.5437	0.607843
19.5468	0.54902
19.5499	0.45098
19.553	0.431373
19.5561	0.431373
19.5592	0.45098
19.5623	0.196078
19.5654	0
19.5685	0
19.5716	0
19.5747	0
19.5778	0
19.5809	0.0392157
19.584	0.176471
19.5871	0.431373
19.5902	0.803922
19.5933	1.19608
19.5964	1.54902
19.5995	1.94118
19.6026	2.33333
19.6057	2.68627
19.6088	2.80392
19.6119	2.90196
19.615	3.13725
19.6182	3.43137
19.6213	3.52941
19.6244	3.43137
19.6275	3.45098
19.6306	3.45098
19.6337	3.35294
19.6368	3
19.6399	2.70588
19.643	2.39216
19.6461	2.15686
19.6492	1.96078
19.6523	1.7451
19.6554	1.60784
19.6585	1.62745
19.6616	1.76471
19.6647	1.82353
19.6678	1.70588
19.6709	1.76471
19.674	1.92157
19.6771	2.03922
19.6802	2.13725
19.6833	2.31373
19.6864	2.47059
19.6895	2.58824
19.6926	2.72549
19.6957	2.98039
19.6988	3.23529
19.7019	3.29412
19.705	3.47059
19.7081	3.4902
19.7112	3.45098
19.7142	3.47059
19.7173	3.47059
19.7204	3.45098
19.7235	3.41176
19.7265	3.43137
19.7296	3.43137
19.7327	3.31373
19.7357	3.23529
19.7388	3.15686
19.7419	3.11765
19.745	3.19608
19.748	3.17647
19.7511	3.2549
19.7542	3.41176
19.7573	3.39216
19.7603	3.01961
19.7634	2.62745
19.7665	2.47059
19.7695	2.45098
19.7726	2.60784
19.7757	2.64706
19.7788	2.76471
19.7818	2.58824
19.7849	2.64706
19.788	2.7451
19.7911	2.54902
19.7941	2.52941
19.7972	2.62745
19.8003	2.84314
19.8033	3.07843
19.8064	3.21569
19.8095	3.21569
19.8126	3.13725
19.8156	3.03922
19.8187	3
19.8218	3.03922
19.8249	3.09804
19.8279	3.15686
19.831	3.13725
19.8341	3.39216
19.8371	3.54902
19.8402	3.33333
19.8433	3.03922
19.8464	3.01961
19.8494	3.07843
19.8525	3.01961
19.8556	3.07843
19.8587	2.96078
19.8617	2.68627
19.8648	2.82353
19.8679	3.17647
19.8709	3.4902
19.874	3.54902
19.8771	3.27451
19.8802	3.66667
19.8832	4.15686
19.8863	4.09804
19.8894	3.52941
19.8925	2.88235
19.8955	2.72549
19.8986	2.68627
19.9017	2.78431
19.9047	2.76471
19.9078	2.56863
19.9109	2.39216
19.914	2.2549
19.917	2.2549
19.9201	2.31373
19.9232	2.39216
19.9263	2.35294
19.9293	2.27451
19.9324	2.23529
19.9355	2.4902
19.9385	2.68627
19.9416	2.58824
19.9447	2.35294
19.9478	2.39216
19.9508	2.52941
19.9539	2.56863
19.957	2.45098
19.9601	2.29412
19.9631	2.27451
19.9662	2.4902
19.9693	2.56863
19.9723	2.47059
19.9754	2.68627
19.9785	3.2549
19.9816	3.76471
19.9846	3.82353
19.9877	3.76471
19.9908	3.84314
19.9939	3.90196
19.9969	3.88235
